"Oxs_RungeKuttaEvolve:evolve:Total energy","Oxs_RungeKuttaEvolve:evolve:Energy calc count","Oxs_RungeKuttaEvolve:evolve:Max dm/dt","Oxs_RungeKuttaEvolve:evolve:dE/dt","Oxs_RungeKuttaEvolve:evolve:Delta E","Oxs_CubicAnisotropy::Energy","Oxs_UniformExchange::Energy","Oxs_UniformExchange::Max Spin Ang","Oxs_UniformExchange::Stage Max Spin Ang","Oxs_UniformExchange::Run Max Spin Ang","Oxs_ScriptUZeeman::Energy","Oxs_ScriptUZeeman::B","Oxs_ScriptUZeeman::Bx","Oxs_ScriptUZeeman::By","Oxs_ScriptUZeeman::Bz","Oxs_Demag::Energy","Oxs_TimeDriver::Iteration","Oxs_TimeDriver::Stage iteration","Oxs_TimeDriver::Stage","Oxs_TimeDriver::mx","Oxs_TimeDriver::my","Oxs_TimeDriver::mz","Oxs_TimeDriver::Last time step","Oxs_TimeDriver::Simulation time"
2.7730556310436897e-17,1,6304.8357849842196,-1.7735408319010952e-08,0,0,7.8000000000000001e-18,90.000000000000014,90.000000000000014,90.000000000000014,0,0,0,0,0,1.9930556310436898e-17,0,0,0,0,0.050000000000000003,0,0,0
2.7730529587115191e-17,7,6304.8294416273584,-1.7735361197858147e-08,-2.6723321706327172e-23,0,7.7999822348927296e-18,89.999877842875478,90.000000000000014,90.000000000000014,-8.1502655037155775e-40,2.2604409003416903e-06,2.2604409003416903e-06,0,0,1.9930547352222463e-17,1,1,0,1.3659397761027017e-16,0.050000005725793592,1.4980220187273592e-14,1.5067799263900698e-15,1.5067799263900698e-15
2.7730422694532194e-17,13,6304.8039442859672,-1.7735175448048493e-08,-1.0689258299549187e-22,0,7.7999107984797367e-18,89.999376739379301,90.000000000000014,90.000000000000014,-1.0499896152776971e-37,1.1302203038892368e-05,1.1302203038892368e-05,0,0,1.9930511896052459e-17,2,2,0,3.8960327704747521e-15,0.050000027189540511,3.7450461372638225e-13,6.0271197055602791e-15,7.5338996319503486e-15
2.7729995134999983e-17,19,6304.6999725584328,-1.7734476206327655e-08,-4.2755953221300834e-22,0,7.7996190364803884e-18,89.997172729047307,90.000000000000014,90.000000000000014,-8.5933411976791859e-36,4.7469146270412851e-05,4.7469146270412851e-05,0,0,1.9930376098519596e-17,3,3,0,7.5421606500943509e-14,0.050000090015194218,6.606189329971812e-12,2.4108478822241116e-14,3.1642378454191468e-14
2.7728285040127918e-17,25,6304.2523775084946,-1.7732379420429202e-08,-1.7100948720645546e-21,0,7.7983556825692095e-18,89.985694601676812,90.000000000000014,90.000000000000014,-7.8543594527748583e-34,0.00019212999138633395,0.00019212999138633395,0,0,1.9929929357558709e-17,4,4,0,1.703376571337382e-12,0.049999972972217047,1.0822351274470066e-10,9.6433915288964465e-14,1.2807629374315595e-13
2.772144506182709e-17,31,6301.9534812841075,-1.7735203124090835e-08,-6.8399783008288134e-21,0,7.7917571065229971e-18,89.896754307404294,90.000000000000014,90.000000000000014,-1.0627739861725365e-31,0.00077032708106433961,0.00077032708106433961,0,0,1.9929687955304197e-17,5,5,0,5.7484994952877362e-11,0.04999362620825893,1.7406956210455368e-09,3.8573566115585786e-13,5.1381195489901386e-13
2.7693971895954869e-17,37,6284.0985942226971,-1.7927131640029213e-08,-2.7473165872218841e-20,0,7.7400573019008405e-18,88.854372397846049,90.000000000000014,90.000000000000014,-2.0697174632943584e-29,0.0030545919727273984,0.0030545919727273984,0,0,1.9953914594074729e-17,6,6,0,2.8232322943707306e-09,0.049876871567382394,2.7666329390640385e-08,1.5429426446234314e-12,2.0567545995224453e-12
2.7610266867817161e-17,43,6109.2675992095901,-2.0057815620922241e-08,-8.3705028137709593e-20,0,7.3498610925190124e-18,79.735745309708008,90.000000000000014,90.000000000000014,-1.6637985976724112e-27,0.0088528676286334686,0.0088528676286334686,0,0,2.0260405776961946e-17,7,7,0,7.8307893527671693e-08,0.04889577535391839,2.6160488543920416e-07,4.4912368511780283e-12,6.5479914507004732e-12
2.7507898815784317e-17,49,5588.7712332602496,-2.3164378906825079e-08,-1.0236805203284403e-19,0,6.7690915189334575e-18,62.362188124445794,90.000000000000014,90.000000000000014,-1.0148597844317688e-26,0.012263685007371752,0.012263685007371752,0,0,2.0738807306999455e-17,8,8,0,3.4480520601384343e-07,0.047358413640147028,6.8548768954053234e-07,4.7676552894454666e-12,1.131564674014594e-11
2.7387689217102371e-17,55,5001.615462235457,-2.4438938826766319e-08,-1.2020959868194671e-19,0,6.4434064229299757e-18,53.534610818338834,90.000000000000014,90.000000000000014,-2.4161678180578704e-26,0.011616633165247765,0.011616633165247765,0,0,2.0944282818334074e-17,9,9,0,8.6663371091398104e-07,0.045066115222252769,1.1783327400368823e-06,5.1198207091268709e-12,1.6435467449272811e-11
2.7268808779520808e-17,67,5536.5707535417832,-2.4733219874520292e-08,-1.1888043758156423e-19,0,6.3129915722757217e-18,51.012947657187432,90.000000000000014,90.000000000000014,-2.5132494280143411e-26,0.0069805612820251443,0.0069805612820251443,0,0,2.095581723237758e-17,10,10,0,1.5001476520330956e-06,0.041642876488913558,1.5113347083528061e-06,4.9468652056755273e-12,2.1382332654948339e-11
2.7157638138452772e-17,73,5418.1734316208285,-2.4107178705764398e-08,-1.1117064106803203e-19,0,6.4190247215485252e-18,57.88747564207295,90.000000000000014,90.000000000000014,-2.3205710496124702e-27,0.00047375079802886521,0.00047375079802886521,0,0,2.0738613419224819e-17,11,11,0,2.0409561483344685e-06,0.037650854292903276,1.6182908149113308e-06,4.6175859675833839e-12,2.5999918622531724e-11
2.7057425500992311e-17,79,4724.7841191353227,-2.3114513839233222e-08,-1.0021263746046186e-19,0,6.6439499733376115e-18,61.735254620113103,90.000000000000014,90.000000000000014,3.325219729005833e-26,0.00578323912543995,-0.00578323912543995,0,0,2.0413475494402504e-17,12,12,0,2.3957304727596541e-06,0.033468755349055079,1.540926104759783e-06,4.3218675217439245e-12,3.0321786144275649e-11
2.6962495858083393e-17,85,4814.744588943392,-2.2907953491053932e-08,-9.492964290891921e-20,0,6.741200733688247e-18,59.982327279484181,90.000000000000014,90.000000000000014,6.3405968050604798e-26,0.010425358171181827,-0.010425358171181827,0,0,2.0221295060989178e-17,13,13,0,2.5341242882205797e-06,0.029080471053187971,1.3693565858872413e-06,4.1899238636580648e-12,3.4511710007933713e-11
2.6868043280120635e-17,91,4952.6492816270329,-2.2019315113062747e-08,-9.4452577962757554e-20,0,6.9850876138888572e-18,62.178043229786716,90.000000000000014,90.000000000000014,7.4253814406587321e-26,0.012521793311399812,-0.012521793311399812,0,0,1.9882955591977962e-17,14,14,0,2.4708193599960457e-06,0.024679925900992869,1.1979086039608229e-06,4.2562062120639623e-12,3.8767916219997677e-11
2.6778953031489792e-17,97,5037.8134617693813,-2.0931383469005197e-08,-8.9090248630843417e-20,0,7.3563128196609164e-18,69.644539800423914,90.000000000000014,90.000000000000014,6.2088479016612484e-26,0.011465765784494358,-0.011465765784494358,0,0,1.9422640149740396e-17,15,15,0,2.2562993241598211e-06,0.02061121867167201,1.0750411030496859e-06,4.2377152685212177e-12,4.3005631488518892e-11
2.6693415400196946e-17,103,4842.2327487612065,-2.0946515836988102e-08,-8.5537631292844562e-20,0,7.6124881954966973e-18,75.222336878562032,90.000000000000014,90.000000000000014,3.6232269773428058e-26,0.0076225977276907289,-0.0076225977276907289,0,0,1.9080927168467981e-17,16,16,0,1.9805294220149515e-06,0.017088802226508399,1.0416409779103076e-06,4.166425273589614e-12,4.7172056762108506e-11
2.6608905311052153e-17,109,4363.2436048733998,-2.0742939848450605e-08,-8.4510089144795469e-20,0,7.974826001904783e-18,79.601645381862809,90.000000000000014,90.000000000000014,8.4925300250662077e-27,0.0020167561232007402,-0.0020167561232007402,0,0,1.8634079300654839e-17,17,17,0,1.7545771332768102e-06,0.01435279951244936,1.0924301781035319e-06,4.1093404450176236e-12,5.128139720712613e-11
2.6525201195685479e-17,115,4818.367782995796,-2.0571168341231954e-08,-8.3704115366672192e-20,0,8.4117265513592328e-18,74.680664300299739,90.000000000000014,90.000000000000014,-1.6377403684040584e-26,0.0041058845526474493,0.0041058845526474493,0,0,1.8113474660703649e-17,18,18,0,1.6619849180119733e-06,0.012388591810460868,1.1760882647260587e-06,4.1383071581809899e-12,5.5419704365307119e-11
2.6441512485861976e-17,121,5059.661595687815,-2.1441873924468514e-08,-8.3688709823501371e-20,0,8.695381090722225e-18,80.566077323684027,90.000000000000014,90.000000000000014,-3.9372678276915042e-26,0.0091629294896627307,0.0091629294896627307,0,0,1.7746131434512432e-17,19,19,0,1.790397125047942e-06,0.011224656661690254,1.2629505323777023e-06,4.056355749125636e-12,5.9476060114432759e-11
2.6354899119853699e-17,127,5429.7914713918699,-2.193803099134209e-08,-8.6613366008278514e-20,0,9.0632296249848815e-18,90.585285045016576,90.585285045016576,90.585285045016576,-6.3408472973507107e-26,0.012104397518565331,0.012104397518565331,0,0,1.7291669558277291e-17,20,20,0,2.1826941019203512e-06,0.010869376955546215,1.325310968397971e-06,4.0350423688884656e-12,6.351110248332123e-11
2.6259741495527146e-17,133,5468.8516861425442,-2.1716888676278142e-08,-9.5157624326554469e-20,0,9.5860421383033057e-18,101.71084293028419,101.71084293028419,101.71084293028419,-8.4611472327082083e-26,0.012139414583526924,0.012139414583526924,0,0,1.6673699441835311e-17,21,21,0,2.9041581778073061e-06,0.011300996687617379,1.3272546779795205e-06,4.468176689556172e-12,6.7979279172877399e-11
2.6168735496693858e-17,145,5446.1534314038681,-2.2162861706845266e-08,-9.1005998833285646e-20,0,9.8120469731058028e-18,108.10403472894707,108.10403472894707,108.10403472894707,-8.3520325810537614e-26,0.0090438511523715411,0.0090438511523715411,0,0,1.6356688607108383e-17,22,22,0,3.8479332717973741e-06,0.0123841978622167,1.278132657085492e-06,4.2387575585723229e-12,7.2218036731449722e-11
2.6081780489818906e-17,151,5437.864053891517,-2.2561449165183045e-08,-8.6955006874952918e-20,0,9.8096092476704655e-18,124.87638168156117,124.87638168156117,124.87638168156117,-4.8114078115516258e-26,0.0041162151100137441,0.0041162151100137441,0,0,1.6272171290262519e-17,23,23,0,4.8703801945255449e-06,0.013958768831838072,1.1814023968326305e-06,3.9339190694705183e-12,7.615195580092024e-11
2.5997729031319009e-17,157,5827.0231866186432,-2.2728368730560056e-08,-8.4051458499896638e-20,0,9.673003448584026e-18,141.79405022126215,141.79405022126215,141.79405022126215,2.0077902017030179e-26,0.0014362678022998203,-0.0014362678022998203,0,0,1.632472556265708e-17,24,24,0,5.8246745445237809e-06,0.015952448463898268,1.0016483557944776e-06,3.754906486130469e-12,7.9906862287050707e-11
2.5915179536131406e-17,163,6202.562223353455,-2.3285125595861275e-08,-8.2549495187602087e-20,0,9.3658209944210759e-18,157.60691185422516,157.60691185422516,157.60691185422516,1.0384191911570077e-25,0.0065421852437131294,-0.0065421852437131294,0,0,1.6549358437868414e-17,25,25,0,6.6136106952341894e-06,0.018247601839719393,7.5933369976073367e-07,3.627233557363005e-12,8.3534095844413719e-11
2.5828129568396748e-17,169,5591.8448524571231,-2.3796495618611596e-08,-8.7049967734659235e-20,0,9.0250837364325967e-18,171.59982383731207,171.59982383731207,171.59982383731207,1.828894717030458e-25,0.010527935023513249,-0.010527935023513249,0,0,1.6803045649074679e-17,26,26,0,7.238261479828507e-06,0.020819373257115324,4.7442946807253368e-07,3.7330250744147757e-12,8.7267120918828493e-11
2.574071551114288e-17,175,5498.1616974623084,-2.3685594740835554e-08,-8.7414057253866699e-20,0,8.8410051778126285e-18,178.28088531056835,178.28088531056835,178.28088531056835,2.2832621284569996e-25,0.012454939083173277,-0.012454939083173277,0,0,1.689971010500404e-17,27,27,0,7.6384092594279594e-06,0.023447189274536408,1.3414461417484443e-07,3.7217878300341695e-12,9.0988908748862665e-11
2.5654458491321696e-17,181,6249.9313921395624,-2.3671968484757854e-08,-8.6257019821184485e-20,0,8.7194405957648368e-18,173.05300942345698,178.28088531056835,178.28088531056835,2.2370145522601825e-25,0.011975086984175739,-0.011975086984175739,0,0,1.6935017671855405e-17,28,28,0,7.7835709920804945e-06,0.026048689139735869,-2.5208827510104734e-07,3.6961916476441237e-12,9.4685100396506791e-11
2.5567687916528144e-17,187,6188.0621784746481,-2.4036094317855467e-08,-8.6770574793555809e-20,0,8.5786388312663912e-18,173.97701368182362,178.28088531056835,178.28088531056835,1.7002382146824221e-25,0.009209407618844978,-0.009209407618844978,0,0,1.6989048915237928e-17,29,29,0,7.6924881466540192e-06,0.028539405757501125,-5.774688929747148e-07,3.6881726337448823e-12,9.8373273030251676e-11
2.548290547116133e-17,193,6246.2155926814185,-2.4146067035917659e-08,-8.4782445366811403e-20,0,8.5038784748972815e-18,177.13894713034219,178.28088531056835,178.28088531056835,8.7185096118514367e-26,0.0048685200944666943,-0.0048685200944666943,0,0,1.6979026909078951e-17,30,30,0,7.4616357081135119e-06,0.030786261535497118,-7.719149959979586e-07,3.5573790023186403e-12,1.0193065203257032e-10
2.5402977521668139e-17,199,6629.4882354648298,-2.4175231105473073e-08,-7.992794949319029e-20,0,8.458148521651668e-18,159.8164673573736,178.28088531056835,178.28088531056835,-2.6168312761069653e-28,1.5167299531925436e-05,1.5167299531925436e-05,0,0,1.6944829000278156e-17,31,31,0,7.1887969427928328e-06,0.032815944864982585,-8.6990294289827336e-07,3.342616185287306e-12,1.0527326821785762e-10
2.5327023061992542e-17,205,7571.38474042912,-2.4604188892119916e-08,-7.5954459675597918e-20,0,8.3381053218789593e-18,135.42249060493612,178.28088531056835,178.28088531056835,-7.6757514113845822e-26,0.0046176991132400019,0.0046176991132400019,0,0,1.6988917816871097e-17,32,32,0,6.9260245770060766e-06,0.034667994109333578,-8.6703763461203685e-07,3.1418415584367846e-12,1.0841510977629441e-10
2.52512863009453e-17,211,8332.4899775223494,-2.5197142402751027e-08,-7.5736761047242089e-20,0,8.16172676043686e-18,106.01708534620295,178.28088531056835,178.28088531056835,-1.3691250500529622e-25,0.0084895279083091572,0.0084895279083091572,0,0,1.7089559677420946e-17,33,33,0,6.719676017584279e-06,0.036373416695973479,-7.4119299590757388e-07,3.0613275121553125e-12,1.1147643728844972e-10
2.5176116854767853e-17,217,8361.7061323466405,-2.5488801733746681e-08,-7.5169446177449241e-20,0,8.012118880347392e-18,76.626250590274978,178.28088531056835,178.28088531056835,-1.7762644173879169e-25,0.011185449935254641,0.011185449935254641,0,0,1.7163998152046903e-17,34,34,0,6.6167224223787583e-06,0.037938577340853707,-5.4113569187865023e-07,2.9807338450628818e-12,1.144571711335126e-10
2.5100012250304987e-17,223,7462.5569454429733,-2.5540915783288933e-08,-7.610460446286228e-20,0,7.8852377234046946e-18,66.894680001495018,178.28088531056835,178.28088531056835,-1.981996947411311e-25,0.012483811376978932,0.012483811376978932,0,0,1.7214774725099989e-17,35,35,0,6.6152238005058224e-06,0.039466168003949725,-3.2665299505276686e-07,3.0031600404753132e-12,1.1746033117398792e-10
2.5023808814344166e-17,229,6636.3648795276858,-2.5822899801494491e-08,-7.6203435960820823e-20,0,7.7010073497835544e-18,67.358089387861028,178.28088531056835,178.28088531056835,-1.9600193957209795e-25,0.012198619222646135,0.012198619222646135,0,0,1.7322801660562552e-17,36,36,0,6.6948130219274515e-06,0.040949216423793004,-1.0938634995286218e-07,2.992229815552775e-12,1.204525609895407e-10
2.4940383286268379e-17,235,6976.4590980371067,-2.6337496690691049e-08,-8.3425528075787897e-20,0,7.4475586792253872e-18,70.454644862577354,178.28088531056835,178.28088531056835,-1.675180944914546e-25,0.010165434480479879,0.010165434480479879,0,0,1.7492824774561085e-17,37,37,0,6.8663278655800968e-06,0.042463994911515007,1.3365757326156502e-07,3.2327527734151877e-12,1.2368531376295587e-10
2.4857342654406616e-17,241,6755.3763292472813,-2.6540972436496443e-08,-8.3040631861763009e-20,0,7.2501873922757903e-18,69.277411460221657,178.28088531056835,178.28088531056835,-1.1462560851585513e-25,0.0067172934500399645,0.0067172934500399645,0,0,1.7607155376756436e-17,38,38,0,7.1101062608479217e-06,0.043841840782723171,3.2443906738514976e-07,3.1694998073680209e-12,1.2685481357032388e-10
2.4774303544878565e-17,247,5926.7269666798529,-2.6584992775705418e-08,-8.3039109528053108e-20,0,7.0971858625488976e-18,62.26958865603067,178.28088531056835,178.28088531056835,-4.1342920904863371e-26,0.0023337588060266343,0.0023337588060266343,0,0,1.7677117723672588e-17,39,39,0,7.3813184974684071e-06,0.045132754261311123,3.9058243656967533e-07,3.1593970387016955e-12,1.3001421060902557e-10
2.4693087624359357e-17,253,5511.9868936697803,-2.6681667870486426e-08,-8.1215920519205447e-20,0,6.9442364467696586e-18,53.812517334681957,178.28088531056835,178.28088531056835,4.126768996926573e-26,0.0022589278493929713,-0.0022589278493929713,0,0,1.7748851136322009e-17,40,40,0,7.6119610571457699e-06,0.046299399009734517,3.0355480911962029e-07,3.0787378134683993e-12,1.3309294842249397e-10
2.4610780342306202e-17,259,5694.1453266298167,-2.6726225120725809e-08,-8.2307282053157043e-20,0,6.8049419117161142e-18,54.701349040521102,178.28088531056835,178.28088531056835,1.2261969433099677e-25,0.0065927870747071217,-0.0065927870747071217,0,0,1.7805838307970393e-17,41,41,0,7.7496116172925885e-06,0.047341054564964305,8.0880185212493716e-08,3.1122900887161513e-12,1.3620523851121012e-10
2.4529570667439772e-17,265,5561.9561088721894,-2.6520011992322631e-08,-8.1209674866428269e-20,0,6.7291363130252581e-18,51.527454560100146,178.28088531056835,178.28088531056835,1.8600061501023576e-25,0.0099948498520311575,-0.0099948498520311575,0,0,1.7800434168413901e-17,42,42,0,7.7540190600293377e-06,0.048219874570446582,-2.3396979078194514e-07,3.0768862029378156e-12,1.3928212471414793e-10
2.4447519996315343e-17,271,5165.0732159762065,-2.6079521691031553e-08,-8.20506711244297e-20,0,6.7133721460716496e-18,44.102532030090558,178.28088531056835,178.28088531056835,2.2089880101580523e-25,0.012095622355896287,-0.012095622355896287,0,0,1.7734147629344891e-17,43,43,0,7.6094610414716103e-06,0.048993578718770969,-6.4030447970585858e-07,3.1546735023144804e-12,1.4243679821646241e-10
2.4367301210085994e-17,277,4727.276066011389,-2.5770525862880332e-08,-8.021878622934884e-20,0,6.6994069538992803e-18,43.38298889366623,178.28088531056835,178.28088531056835,2.1851601924849892e-25,0.012504779074249886,-0.012504779074249886,0,0,1.7667894037670695e-17,44,44,0,7.2810835612347971e-06,0.049655250562843603,-1.1299902163960602e-06,3.1297316273597839e-12,1.4556652984382219e-10
2.4287454522278564e-17,283,4651.1049617161352,-2.539584020706175e-08,-7.9846687807430847e-20,0,6.6980174818277579e-18,47.216801734127785,178.28088531056835,178.28088531056835,1.8034259187844557e-25,0.011171580079827997,-0.011171580079827997,0,0,1.7589436860108213e-17,45,45,0,6.7262415952173371e-06,0.050194288425562346,-1.6376154854411775e-06,3.1544324583990951e-12,1.487209623022213e-10
2.420854595645315e-17,289,4357.4386480472376,-2.4916481040908403e-08,-7.8908565825411854e-20,0,6.7159722255735056e-18,54.55696491985762,178.28088531056835,178.28088531056835,1.186686344508424e-25,0.0082481379567749397,-0.0082481379567749397,0,0,1.7492573612211013e-17,46,46,0,5.9947183975111692e-06,0.050606149319072799,-2.0216950714444891e-06,3.1762152017017476e-12,1.5189717750392304e-10
2.412997499120468e-17,295,4399.3323160820482,-2.4701696610558935e-08,-7.8570965248471621e-20,0,6.7133515633232244e-18,55.401740195358322,178.28088531056835,178.28088531056835,5.1205828383065152e-26,0.0041051948299135584,-0.0041051948299135584,0,0,1.7416623376675628e-17,47,47,0,5.1972592556787032e-06,0.050933738838828853,-2.2417098192821109e-06,3.2099203743579087e-12,1.5510709787828095e-10
2.40514802751789e-17,301,4519.6038125355381,-2.4388233379524062e-08,-7.8494716025779144e-20,0,6.7249920735044145e-18,48.428985397182714,178.28088531056835,178.28088531056835,-7.0715024921262738e-27,0.00067322533810807881,0.00067322533810807881,0,0,1.7326488208745988e-17,48,48,0,4.376631723409519e-06,0.051188004726370043,-2.3516266843125533e-06,3.236616989129744e-12,1.583437148674107e-10
2.3973473899514285e-17,307,4432.7538512307037,-2.3856005331278378e-08,-7.8006375664615392e-20,0,6.7490640493301915e-18,51.505300370608786,178.28088531056835,178.28088531056835,-4.60135356940785e-26,0.0054127462556095426,0.0054127462556095426,0,0,1.722440989619763e-17,49,49,0,3.5420663807572178e-06,0.051345603725516747,-2.2973257740365081e-06,3.2811485310425996e-12,1.6162486339845329e-10
2.3897920446935265e-17,313,4662.4180164540667,-2.3638712820705332e-08,-7.5553452579019653e-20,0,6.7247376464882148e-18,57.213107878643775,178.28088531056835,178.28088531056835,-6.3420008749837867e-26,0.0092789810732014748,0.0092789810732014748,0,0,1.717318286386706e-17,50,50,0,2.8478346315212548e-06,0.051409298605498283,-2.0134663966503345e-06,3.228223651443054e-12,1.6485308704989635e-10
2.3821005217421654e-17,319,4598.7127795880378,-2.352843520839059e-08,-7.6915229513611873e-20,0,6.6865320139429335e-18,54.252220549524679,178.28088531056835,178.28088531056835,-6.7491646675043935e-26,0.011824891950620217,0.011824891950620217,0,0,1.7134473270970368e-17,51,51,0,2.3781629096964995e-06,0.05141951491709789,-1.6007150460117191e-06,3.3076338734355405e-12,1.6816072092333187e-10
2.3743990691368927e-17,325,4367.022284958116,-2.3131817540947103e-08,-7.7014526052726426e-20,0,6.6682005813941153e-18,50.922311734213785,178.28088531056835,178.28088531056835,-6.3449317080031498e-26,0.012547460553006288,0.012547460553006288,0,0,1.7075790173424129e-17,52,52,0,2.1069773710456988e-06,0.051390846206831813,-1.1722176623904306e-06,3.3515080327473839e-12,1.7151222895607927e-10
2.3668200409975784e-17,331,4438.4528319402461,-2.2829508872450873e-08,-7.5790281393143843e-20,0,6.6070806237871731e-18,62.826177736884198,178.28088531056835,178.28088531056835,-5.4717666117757707e-26,0.011285337155367671,0.011285337155367671,0,0,1.7061119840906279e-17,53,53,0,2.0202345073750866e-06,0.051312141926468012,-7.1950400691649217e-07,3.3556014122213528e-12,1.7486783036830063e-10
2.3593339776697755e-17,337,4415.789427276387,-2.2776725695976924e-08,-7.4860633278028602e-20,0,6.4925727265728567e-18,65.36906055670643,178.28088531056835,178.28088531056835,-4.2692652540433e-26,0.0082596400965700111,0.0082596400965700111,0,0,1.710076709281755e-17,54,54,0,2.1536780073835206e-06,0.051206929111614029,-3.1510675619703157e-07,3.3349685384911524e-12,1.7820279890679177e-10
2.3517687026034324e-17,343,4038.2898710592767,-2.264563945819669e-08,-7.5652750663430999e-20,0,6.3718956963555226e-18,59.792616798795976,178.28088531056835,178.28088531056835,-2.2610105999552742e-26,0.0038702338064249822,0.0038702338064249822,0,0,1.7145791352288908e-17,55,55,0,2.4341882095175484e-06,0.051113167492003016,-7.0348572058161755e-08,3.3852502160258829e-12,1.8158804912281765e-10
2.3443548293069994e-17,349,3999.5958778624995,-2.2555269038003436e-08,-7.4138732964329759e-20,0,6.2419594933697783e-18,49.627940876250534,178.28088531056835,178.28088531056835,6.9801583240497776e-27,0.0010648734762650765,-0.0010648734762650765,0,0,1.7201588792720058e-17,56,56,0,2.7312158359928676e-06,0.051015480656990693,1.8518839200284372e-08,3.3331600150677814e-12,1.8492120913788544e-10
2.3368170009334238e-17,355,4115.4149519633929,-2.2590841689728228e-08,-7.5378283735757152e-20,0,6.0990503212072963e-18,42.935503969652615,178.28088531056835,178.28088531056835,4.2615819544569379e-26,0.005914964859290715,-0.005914964859290715,0,0,1.7269119645511121e-17,57,57,0,3.0019775094309202e-06,0.050882497884662634,-2.5443370128947816e-08,3.3945235195003677e-12,1.8831573265738581e-10
2.3290330927362636e-17,361,3873.0169282864276,-2.2392508157113527e-08,-7.7839081971600411e-20,0,5.9996569434093142e-18,43.342644929368589,178.28088531056835,178.28088531056835,7.5789733063930209e-26,0.0099272016485942079,-0.0099272016485942079,0,0,1.7290673908163587e-17,58,58,0,3.181063159648329e-06,0.050731765655764142,-2.5248647334320899e-07,3.5240031097215057e-12,1.9183973576710731e-10
2.3213631040572552e-17,367,3372.1234349807332,-2.2110436351103168e-08,-7.6699886790082444e-20,0,5.9394198988338671e-18,39.437715875925576,178.28088531056835,178.28088531056835,9.2828052986324586e-26,0.012205570419310585,-0.012205570419310585,0,0,1.7274211048910633e-17,59,59,0,3.1689101026859136e-06,0.050576046154484897,-6.2623662307189076e-07,3.5165619494076672e-12,1.9535629771651497e-10
2.3139412629406551e-17,373,3692.2905190874076,-2.205248356483634e-08,-7.4218411166002437e-20,0,5.8764120230770612e-18,33.897263697437928,178.28088531056835,178.28088531056835,8.7757966696112429e-26,0.012390113298993265,-0.012390113298993265,0,0,1.7263000518571525e-17,60,60,0,2.9512094501778485e-06,0.05040141640097303,-1.0561770212172512e-06,3.4167441652483627e-12,1.9877304188176333e-10
2.3063766134476253e-17,379,3906.0050113508105,-2.1674353845555152e-08,-7.5646494930299792e-20,0,5.8663237096675407e-18,37.372641601048741,178.28088531056835,178.28088531056835,6.3512374356001584e-26,0.01045688025404712,-0.01045688025404712,0,0,1.7197442361296336e-17,61,61,0,2.5307250989228487e-06,0.050215062237099164,-1.5161096301696429e-06,3.5195922862938512e-12,2.0229263416805719e-10
2.2989805443726404e-17,385,3395.2511620602786,-2.1256822884818041e-08,-7.3960690749845924e-20,0,5.8762771388630139e-18,37.025498395372743,178.28088531056835,178.28088531056835,3.1621260485050278e-26,0.0067101098874105649,-0.0067101098874105649,0,0,1.7113528273242133e-17,62,62,0,1.9635334477915119e-06,0.050066225222647219,-1.9123782845386207e-06,3.5152124999476531e-12,2.0580784666800485e-10
2.2918525582350181e-17,391,3391.6390554221084,-2.1151731130786523e-08,-7.1279861376224025e-20,0,5.8539336662943039e-18,34.426679090134364,178.28088531056835,178.28088531056835,6.3107135256164394e-27,0.0019437891788731889,-0.0019437891788731889,0,0,1.7064591909745165e-17,63,63,0,1.3527516243016969e-06,0.049952626998800959,-2.1831695541356748e-06,3.4175416657736708e-12,2.0922538833377853e-10
2.2847292862003017e-17,397,3386.3583761630666,-2.0900221757768224e-08,-7.1232720347164668e-20,0,5.8501250292598905e-18,30.171608233038292,178.28088531056835,178.28088531056835,-5.8108164132413659e-27,0.0031757048118963545,0.0031757048118963545,0,0,1.6997167838553944e-17,64,64,0,7.6240508765913544e-07,0.049842283521902869,-2.3354404985879957e-06,3.4410157824664777e-12,2.12666404116245e-10
2.2777496695605741e-17,403,3450.9192007481388,-2.055077662402889e-08,-6.979616639727815e-20,0,5.8723640676951721e-18,33.880824791087363,178.28088531056835,178.28088531056835,-5.5606171459152001e-27,0.0077457912673287409,0.0077457912673287409,0,0,1.6905132633471187e-17,65,65,0,2.9912035200434427e-07,0.049739928057117473,-2.3519038167674201e-06,3.4232194166031322e-12,2.1608962353284814e-10
2.2708713182363605e-17,409,3469.8763397165244,-2.0274419494575985e-08,-6.8783513242133695e-20,0,5.9065995349808128e-18,33.322435639822977,178.28088531056835,178.28088531056835,-1.2672067800671294e-27,0.011041217178859286,0.011041217178859286,0,0,1.680211364865e-17,66,66,0,4.7821070446322364e-08,0.049638563432942116,-2.2573885478153779e-06,3.4246743723279581e-12,2.1951429790517609e-10
2.2639392197621469e-17,415,3279.7916701949298,-1.9932315267621228e-08,-6.9320984742137655e-20,0,5.9568081544403081e-18,33.671418073907681,178.28088531056835,178.28088531056835,-1.2615161883460547e-27,0.01252735890837268,0.01252735890837268,0,0,1.6682584044442676e-17,67,67,0,4.1958704050630333e-08,0.049504328280224906,-2.1219447003363046e-06,3.5096959513098708e-12,2.2302399385648596e-10
2.2571673846496569e-17,421,3206.1818383026571,-1.9586077514145104e-08,-6.7718351124901205e-20,0,6.0045070708210273e-18,38.938744596520131,178.28088531056835,178.28088531056835,-8.4589967965458509e-27,0.011856478119063698,0.011856478119063698,0,0,1.6567166784134538e-17,68,68,0,2.9727056915561357e-07,0.049332538443949012,-1.9784635884204547e-06,3.4892553994103997e-12,2.2651324925589637e-10
2.2503365995602918e-17,427,3293.2771270783533,-1.9290725175641694e-08,-6.8307850893648279e-20,0,6.0495638622845408e-18,36.760545927942829,178.28088531056835,178.28088531056835,-1.7949702171147853e-26,0.0090594460703598678,0.0090594460703598678,0,0,1.6453802151268078e-17,69,69,0,8.255518619623035e-07,0.049124122273465222,-1.8387036654025375e-06,3.5845379483148065e-12,2.3009778720421118e-10
2.2435280224285885e-17,433,3172.7106717727384,-1.8934105788574875e-08,-6.8085771317031304e-20,0,6.0963561829373054e-18,31.905425199251681,178.28088531056835,178.28088531056835,-1.7166986999868899e-26,0.0045527852314607778,0.0045527852314607778,0,0,1.6338924058515569e-17,70,70,0,1.5711066713028899e-06,0.048855985729349072,-1.7849347175577472e-06,3.6388412731000556e-12,2.3373662847731124e-10
2.2368742281066603e-17,439,3276.344855785394,-1.8707578092113373e-08,-6.6537943219282967e-20,0,6.1024621232524419e-18,39.909787368679275,178.28088531056835,178.28088531056835,4.3777708657179217e-27,0.00076098171639940419,-0.00076098171639940419,0,0,1.626628015343639e-17,71,71,0,2.3969973978151878e-06,0.048504875877269878,-1.8676282012368271e-06,3.6130476492381272e-12,2.3734967612654939e-10
2.2303281967453676e-17,445,3544.5738705838303,-1.8624545593041201e-08,-6.5460313612928317e-20,0,6.0745681155179377e-18,40.260536698503721,178.28088531056835,178.28088531056835,4.4889953746113578e-26,0.0058843301784970653,-0.0058843301784970653,0,0,1.6228713807045784e-17,72,72,0,3.1786366207525136e-06,0.048053661350485902,-2.0476113784999689e-06,3.5745075192580976e-12,2.4092418364580748e-10
2.2239086767239496e-17,451,3618.9385304921698,-1.8400183959109804e-08,-6.4195200214178535e-20,0,6.0578057453648753e-18,38.73672805865899,178.28088531056835,178.28088531056835,9.0893152822761342e-26,0.0099102713653830277,-0.0099102713653830277,0,0,1.6181280930981469e-17,73,73,0,3.8215045393692947e-06,0.047488276525469185,-2.267161687321738e-06,3.5287506749990826e-12,2.4445293432080656e-10
2.217573278089041e-17,457,3430.3753629101388,-1.8169620083766296e-08,-6.3353986349088089e-20,0,6.0247759012815294e-18,47.400234570561253,178.28088531056835,178.28088531056835,1.2478108442880563e-25,0.012203199487831844,-0.012203199487831844,0,0,1.6150956754827797e-17,74,74,0,4.2605317206898084e-06,0.046795897356400697,-2.488282207851177e-06,3.5283099417180414e-12,2.4798124426252461e-10
2.21141021740907e-17,463,3142.3431209640148,-1.7991725489418666e-08,-6.1630606799709642e-20,0,5.9634729719463012e-18,49.516406890922056,178.28088531056835,178.28088531056835,1.3190171205099134e-25,0.012379371535754686,-0.012379371535754686,0,0,1.6150629070242687e-17,75,75,0,4.4395667848705004e-06,0.045982041011543247,-2.6517861592455545e-06,3.4656485637343218e-12,2.5144689282625891e-10
2.2052508036881153e-17,469,3099.3281021833714,-1.7894874727729709e-08,-6.1594137209546695e-20,0,5.8837642224745456e-18,45.945367341261822,178.28088531056835,178.28088531056835,1.0911684900987481e-25,0.010445885894800871,-0.010445885894800871,0,0,1.6168743705289759e-17,76,76,0,4.352465095920488e-06,0.045039358225837919,-2.6866941137631028e-06,3.4905196051565673e-12,2.5493741243141546e-10
2.1992532822944205e-17,475,3167.648495076834,-1.7600132653882411e-08,-5.9975213936947458e-20,0,5.8292115553581202e-18,39.848458478823915,178.28088531056835,178.28088531056835,6.585921090056124e-26,0.006806651590265232,-0.006806651590265232,0,0,1.6163321201726874e-17,77,77,0,4.0315473051058751e-06,0.04400773287777137,-2.5560990384506051e-06,3.4256797253755128e-12,2.5836309215679098e-10
2.193376719273419e-17,481,2970.4955564388356,-1.7241513924679872e-08,-5.8765630210016517e-20,0,5.7732379134219311e-18,42.221221989929205,178.28088531056835,178.28088531056835,1.7200648495917829e-26,0.0020393587295722804,-0.0020393587295722804,0,0,1.6160529262111611e-17,78,78,0,3.5143090665309381e-06,0.04288680551716862,-2.2899435797014666e-06,3.429354109735827e-12,2.6179244626652681e-10
2.1876176358498683e-17,487,3163.8112757513268,-1.7168357380916847e-08,-5.7590834235506651e-20,0,5.6741113686661782e-18,42.866427006489424,178.28088531056835,178.28088531056835,-2.0683079384876839e-26,0.0030199996401805871,0.0030199996401805871,0,0,1.6202065010515585e-17,79,79,0,2.853626082952445e-06,0.041727532438173121,-1.9177803028307246e-06,3.398439709479504e-12,2.6519088597600633e-10
2.181796324189857e-17,493,3436.9991062748368,-1.691670354168731e-08,-5.8213116600110813e-20,0,5.5997450731484647e-18,38.096440793276351,178.28088531056835,178.28088531056835,-3.8542039256334259e-26,0.0076677110062886369,0.0076677110062886369,0,0,1.6218218207292147e-17,80,80,0,2.0943907523093124e-06,0.040529778622095024,-1.4164159583301323e-06,3.4644219557922339e-12,2.6865530793179858e-10
2.176061349705704e-17,499,3403.7893822561455,-1.6508067818549432e-08,-5.7349744841531908e-20,0,5.5526966290339643e-18,42.925225329305221,178.28088531056835,178.28088531056835,-3.443266745403729e-26,0.011041552658519733,0.011041552658519733,0,0,1.6207916902455741e-17,81,81,0,1.2993593578568349e-06,0.039347770078061957,-8.3017024756531707e-07,3.4910372728670099e-12,2.7214634520466562e-10
2.1703548926624859e-17,505,3258.196305296663,-1.6323640761759651e-08,-5.7064570432181685e-20,0,5.4722645947993048e-18,47.708038300506779,178.28088531056835,178.28088531056835,-1.4215578047406428e-26,0.012531251460721073,0.012531251460721073,0,0,1.6231284346041129e-17,82,82,0,4.7267086922191087e-07,0.03822180909534862,-2.3858118238529036e-07,3.5430470626185961e-12,2.756893922672842e-10
2.16458423241535e-17,511,3625.1962003228568,-1.6214053403977117e-08,-5.770660247135683e-20,0,5.3783834689586032e-18,48.075620289371813,178.28088531056835,178.28088531056835,1.0903529701477878e-26,0.011774788810329251,0.011774788810329251,0,0,1.6267458844291369e-17,83,83,0,-3.8583599663960437e-07,0.037187545804412095,3.3795496596148345e-07,3.6154325598093712e-12,2.7930482482709355e-10
2.1587970623957744e-17,517,3658.6437285298498,-1.5964492210511588e-08,-5.7871700195756121e-20,0,5.3102353205407824e-18,43.787867936736028,178.28088531056835,178.28088531056835,2.6044812686720919e-26,0.0087999132211650215,0.0087999132211650215,0,0,1.6277735277372151e-17,84,84,0,-1.233194579690074e-06,0.036287107457477513,8.479709892810327e-07,3.6704589548467641e-12,2.8297528378194033e-10
2.153083096977849e-17,523,3322.0263614917549,-1.570140575400448e-08,-5.7139654179255557e-20,0,5.2401334067813054e-18,43.00593780488505,178.28088531056835,178.28088531056835,2.0535158063198825e-26,0.004134882602006883,0.004134882602006883,0,0,1.6290697542462025e-17,85,85,0,-2.0693007959363363e-06,0.035562377202180313,1.163328844237573e-06,3.6898141299590608e-12,2.8666509791189938e-10
2.1474175021059046e-17,529,3180.871858976423,-1.5531927016686572e-08,-5.6655948719442881e-20,0,5.1448534642624738e-18,44.797987627693452,178.28088531056835,178.28088531056835,-9.547376546894605e-27,0.0013491641819360972,-0.0013491641819360972,0,0,1.632932156634395e-17,86,86,0,-2.9485466738697144e-06,0.035043857854790833,1.246115734621829e-06,3.7096580156774183e-12,2.903747559275768e-10
2.1419194005866343e-17,535,2781.6209012796294,-1.5310221482671442e-08,-5.4981015192702462e-20,0,5.055831298271258e-18,40.859787028987142,178.28088531056835,178.28088531056835,-5.9968014534550666e-26,0.006478859032517081,-0.006478859032517081,0,0,1.63633627675631e-17,87,87,0,-3.8566470728814599e-06,0.034757314107182399,1.1255017047574439e-06,3.6363031064334347e-12,2.9401105903401023e-10
2.1365651434451537e-17,541,2582.2354628971184,-1.5048107476082254e-08,-5.3542571414806955e-20,0,4.9704715767918419e-18,46.376873602353868,178.28088531056835,178.28088531056835,-1.198242223580119e-25,0.010372324613690181,-0.010372324613690181,0,0,1.6395179977483917e-17,88,88,0,-4.8134590051136913e-06,0.034696429685725699,8.0813688524769532e-07,3.5955795422385834e-12,2.9760663857624881e-10
2.1312750903022322e-17,547,2645.4142417003277,-1.4813513210331001e-08,-5.2900531429216422e-20,0,4.8691437729758955e-18,50.854646227024311,178.28088531056835,178.28088531056835,-1.7492770831030952e-25,0.012389074748636939,-0.012389074748636939,0,0,1.6443607304974133e-17,89,89,0,-5.8831306298015021e-06,0.034857479654208823,3.3617550197850508e-07,3.6161776859613919e-12,3.012228162622102e-10
2.126004746664514e-17,553,2791.6351383016813,-1.4744864364248478e-08,-5.270343637718088e-20,0,4.7426462492283799e-18,50.014070254628713,178.28088531056835,178.28088531056835,-2.0588934176227408e-25,0.012122311540811137,-0.012122311540811137,0,0,1.6517401423306101e-17,90,90,0,-7.0768042419695607e-06,0.03524555712022695,-1.8390222856047784e-07,3.6422538039905579e-12,3.0486507006620078e-10
2.1207478899397638e-17,559,2843.5858494127283,-1.458476417995557e-08,-5.2568567247502037e-20,0,4.6346521132797419e-18,43.748756219278526,178.28088531056835,178.28088531056835,-1.9241894930853234e-25,0.0095887782512585149,-0.0095887782512585149,0,0,1.6572826978536847e-17,91,91,0,-8.3612906787016746e-06,0.035836194809167991,-6.7206875793116222e-07,3.6533675717098419e-12,3.0851843763791061e-10
2.115583099777289e-17,565,2689.3806994812339,-1.439501730270894e-08,-5.1647901624746588e-20,0,4.5333929997823919e-18,35.207263078871108,178.28088531056835,178.28088531056835,-1.2279219980375888e-25,0.0052742253528966299,-0.0052742253528966299,0,0,1.6622438120782698e-17,92,92,0,-9.7006504579260945e-06,0.03659446417382442,-1.0682004719345968e-06,3.6429293935646457e-12,3.1216136703147526e-10
2.1105169276162391e-17,571,2683.0878795940489,-1.4482069345106222e-08,-5.0661721610499125e-20,0,4.4047143679246871e-18,35.589013599391158,178.28088531056835,178.28088531056835,-2.1043473389783681e-27,7.9606510360915377e-05,-7.9606510360915377e-05,0,0,1.6700454910342051e-17,93,93,0,-1.1014317638954769e-05,0.037486856772525758,-1.2982325925434512e-06,3.5750416540225456e-12,3.1573640868549779e-10
2.1053759889322491e-17,577,2606.4267629681085,-1.4381245321957812e-08,-5.1409386839901906e-20,0,4.315823823964141e-18,31.540005792134941,178.28088531056835,178.28088531056835,1.5266731236209547e-25,0.0051969263500008002,0.0051969263500008002,0,0,1.6737935912691037e-17,94,94,0,-1.2240192734499773e-05,0.038495816909025794,-1.3384835124904203e-06,3.6244913048410087e-12,3.1936089999033879e-10
2.1001498652350437e-17,583,2253.7519728446032,-1.4214670506660835e-08,-5.2261236972050861e-20,0,4.2544036069830504e-18,31.388804221458994,178.28088531056835,178.28088531056835,3.0696033340967869e-25,0.0096291620369325127,0.0096291620369325127,0,0,1.6747094738407056e-17,95,95,0,-1.328258247506184e-05,0.039597356176349643,-1.2085407210281604e-06,3.7413817806162189e-12,3.2310228177095499e-10
2.0950320384478323e-17,589,2244.732495368482,-1.4192677457817855e-08,-5.117826787211664e-20,0,4.1971945698984764e-18,32.524614221133881,178.28088531056835,178.28088531056835,4.0880578684030363e-25,0.01214722360767388,0.01214722360767388,0,0,1.6753125405774059e-17,96,96,0,-1.4022607141990836e-05,0.040702999932336496,-9.6325985641766836e-07,3.6755131044987253e-12,3.2677779487545372e-10
2.0899774298616224e-17,595,2285.6819991295706,-1.4000846552972643e-08,-5.0546085862096649e-20,0,4.1890127311033664e-18,31.283659882404944,178.28088531056835,178.28088531056835,4.288136858451007e-25,0.012370069051576555,0.012370069051576555,0,0,1.6710761138699174e-17,97,97,0,-1.444392657443881e-05,0.041791358268256217,-6.4181533285984185e-07,3.652110237112232e-12,3.3042990511256595e-10
2.0849362880358243e-17,601,2440.3906814988914,-1.3786900733181061e-08,-5.0411418257981596e-20,0,4.2093038666388516e-18,32.486956101431176,178.28088531056835,178.28088531056835,3.571645865381577e-25,0.010230929938937698,0.010230929938937698,0,0,1.6640058656554806e-17,98,98,0,-1.4545948277652884e-05,0.042855737227028345,-3.0628312406426022e-07,3.7070022133926445e-12,3.3413690732595859e-10
2.0799628069224501e-17,607,2276.4872894180326,-1.3603454156662944e-08,-4.9734811133743771e-20,0,4.2418942729876878e-18,29.531722383093527,178.28088531056835,178.28088531056835,2.11201211892949e-25,0.006120235037801171,0.006120235037801171,0,0,1.6557733585035601e-17,99,99,0,-1.4378615267503387e-05,0.043851101150482831,-6.0979241115346664e-08,3.7072821575553505e-12,3.3784418948351395e-10
2.0750393616029221e-17,613,2272.7043402905442,-1.3420120537663276e-08,-4.9234453195279981e-20,0,4.2847554419485532e-18,31.079491928204177,178.28088531056835,178.28088531056835,2.710069692627076e-26,0.00080476284634115026,0.00080476284634115026,0,0,1.6465638146979972e-17,100,100,0,-1.4031409506468723e-05,0.044775364444499983,4.9528207946787007e-08,3.7242620763353047e-12,3.4156845155984924e-10
2.0702358255331134e-17,619,2264.803412496392,-1.3328520805442729e-08,-4.803536069808666e-20,0,4.3233862717909804e-18,30.875017249508012,178.28088531056835,178.28088531056835,-1.4962094193692093e-25,0.0045833694198545282,-0.0045833694198545282,0,0,1.6378972133161095e-17,101,101,0,-1.3601796719785779e-05,0.045593431473861239,-6.8977288251941599e-09,3.6641725473550084e-12,3.4523262410720423e-10
2.0655457539998231e-17,625,2091.3397111495888,-1.3165452992360651e-08,-4.6900715332903698e-20,0,4.3776274295969177e-18,34.164962907667679,178.28088531056835,178.28088531056835,-2.8678133291123366e-25,0.0090442560204377544,-0.0090442560204377544,0,0,1.6277830397182646e-17,102,102,0,-1.3211945988272006e-05,0.046274437951596019,-2.6241354389795256e-07,3.6023594578777237e-12,3.4883498356508193e-10
2.0608552778175167e-17,631,2169.4142425591731,-1.2974872679656364e-08,-4.69047618230621e-20,0,4.4400515463213929e-18,37.726164589377618,178.28088531056835,178.28088531056835,-3.7004395600556771e-25,0.011887656162988961,-0.011887656162988961,0,0,1.616850160189773e-17,103,103,0,-1.2970175075236087e-05,0.046844323494103585,-6.6563719427065133e-07,3.662541676909004e-12,3.5249752524199092e-10
2.0561956219537933e-17,637,1956.7758743304462,-1.287686155677902e-08,-4.6596558637233948e-20,0,4.4925593962159509e-18,38.26853213833158,178.28088531056835,178.28088531056835,-3.8784772143486531e-25,0.012492068470544911,-0.012492068470544911,0,0,1.6069397211169706e-17,104,104,0,-1.2936465857950971e-05,0.047296693109736589,-1.10802060225913e-06,3.6769958599547324e-12,3.5617452110194566e-10
2.0514149447051197e-17,643,1994.5354799371139,-1.2582998572297766e-08,-4.7806772486736157e-20,0,4.5696146135873212e-18,33.788544336037084,178.28088531056835,178.28088531056835,-3.3445267761968074e-25,0.010596154617774417,-0.010596154617774417,0,0,1.5944535167916553e-17,105,105,0,-1.3151495742397382e-05,0.047620846780546268,-1.5481620272210907e-06,3.8428458863964764e-12,3.6001736698834213e-10
2.0467926831731491e-17,649,1988.6169220686713,-1.2298972382660578e-08,-4.6222615319707846e-20,0,4.6292815655653308e-18,33.647676809241496,178.28088531056835,178.28088531056835,-2.1401350269806847e-25,0.0065491164905566801,-0.0065491164905566801,0,0,1.5838645480179663e-17,106,106,0,-1.3615927113092815e-05,0.047828730324916073,-1.861385819152553e-06,3.8115456889114215e-12,3.6382891267725357e-10
2.0423518327800022e-17,655,2046.4917434474366,-1.2160208453500219e-08,-4.4408503931470234e-20,0,4.6472395691361081e-18,34.115922756641638,178.28088531056835,178.28088531056835,-4.5221543893511209e-26,0.0013256046073009675,-0.0013256046073009675,0,0,1.5776278803885457e-17,107,107,0,-1.42141252767543e-05,0.047952221779917474,-1.9672548247478215e-06,3.706862440234708e-12,3.6753577511748829e-10
2.0379343206551379e-17,661,2050.3190162341825,-1.1856324982439859e-08,-4.4175121248639057e-20,0,4.6632776862475944e-18,35.483625256774694,178.28088531056835,178.28088531056835,1.5075965770013568e-25,0.0042278505894124139,0.0042278505894124139,0,0,1.5716065369544127e-17,108,108,0,-1.4857791852693385e-05,0.047983841558856717,-1.8967880806272782e-06,3.7595799129529407e-12,3.7129535503044122e-10
2.0336460743455336e-17,667,1955.4986285855921,-1.1657322388273735e-08,-4.2882463096043031e-20,0,4.6396738262486837e-18,41.37008328448654,178.28088531056835,178.28088531056835,3.3051009564775544e-25,0.0089183774208749268,0.0089183774208749268,0,0,1.5696786586696558e-17,109,109,0,-1.5441434394878646e-05,0.047950069909488524,-1.6732926234621604e-06,3.735444434114827e-12,3.7503079946455606e-10
2.0292634234239561e-17,673,1865.2526163344103,-1.1593543247424006e-08,-4.3826509215776953e-20,0,4.5720578228383723e-18,41.650525472008162,178.28088531056835,178.28088531056835,4.541268040752238e-25,0.01192776979873638,0.01192776979873638,0,0,1.5720575957274383e-17,110,110,0,-1.5863778802817687e-05,0.047858297693208506,-1.3278449933374819e-06,3.8662151555168323e-12,3.7889701462007289e-10
2.0249692252799991e-17,679,2003.0439035794063,-1.1402967100437867e-08,-4.2941981439568941e-20,0,4.502472020457665e-18,37.67548418951867,178.28088531056835,178.28088531056835,4.7928567548433377e-25,0.012449756057612775,0.012449756057612775,0,0,1.5747219753056651e-17,111,111,0,-1.6040664882144579e-05,0.047683787022800898,-9.9424888865095143e-07,3.8239940155557054e-12,3.827210086356286e-10
2.020779399517808e-17,685,1838.3850221822972,-1.1309685209017632e-08,-4.1898257621912593e-20,0,4.408366965421982e-18,34.029328274811597,178.28088531056835,178.28088531056835,4.0182768373975687e-25,0.010458714728644763,0.010458714728644763,0,0,1.5799426627928414e-17,112,112,0,-1.6008487266547359e-05,0.047437424819903221,-7.6370156794736131e-07,3.7799464250335156e-12,3.8650095506066209e-10
2.0166825327427508e-17,691,1953.6822832208798,-1.1307085721684081e-08,-4.0968667750570362e-20,0,4.2988531377984503e-18,32.941216021607843,178.28088531056835,178.28088531056835,2.4642113317820585e-25,0.0064834897781985883,0.0064834897781985883,0,0,1.5867971943207926e-17,113,113,0,-1.5836451613232493e-05,0.047114804609176768,-6.9099696919192872e-07,3.6949092509123609e-12,3.9019586431157443e-10
2.0125739197606611e-17,697,1771.8781899695007,-1.1222818706012666e-08,-4.1086129820896555e-20,0,4.2015434610727634e-18,32.52016711995266,178.28088531056835,178.28088531056835,4.6019160944721893e-26,0.0012266200813926481,0.0012266200813926481,0,0,1.5924195690514687e-17,114,114,0,-1.5632102135360864e-05,0.046667733570891518,-8.279855081664694e-07,3.7220250981959591e-12,3.9391788940977037e-10
2.0085051197332873e-17,703,2008.233907199289,-1.1178550383680618e-08,-4.0688000273740842e-20,0,4.1121947062110016e-18,31.776269688080031,178.28088531056835,178.28088531056835,-1.5833282523022242e-25,0.0042478582616290103,-0.0042478582616290103,0,0,1.5972856649454696e-17,115,115,0,-1.5530652495774753e-05,0.046079520295442676,-1.1638165724236932e-06,3.707421840263664e-12,3.9762531125003404e-10
2.0044064482318132e-17,709,1980.5396795928016,-1.111500572410474e-08,-4.0986715014741287e-20,0,4.0406626756588481e-18,31.778052973229283,178.28088531056835,178.28088531056835,-3.3573992665482324e-25,0.0089506224497941291,-0.0089506224497941291,0,0,1.6003402142399209e-17,116,116,0,-1.5629263427300998e-05,0.045314042261954644,-1.6357017012217814e-06,3.7518435799801753e-12,4.0137715483001424e-10
2.0003093833186549e-17,715,1738.6143384954776,-1.1029619058357294e-08,-4.0970649131580807e-20,0,3.9885394398774822e-18,31.975548677759964,178.28088531056835,178.28088531056835,-4.5703640667528954e-25,0.011901833949771259,-0.011901833949771259,0,0,1.6014554850345475e-17,117,117,0,-1.6000209456629432e-05,0.044329265986326125,-2.1705818024236883e-06,3.7812501389328468e-12,4.0515840496894707e-10
1.9963122038294337e-17,721,1823.8597795059554,-1.0962937327077281e-08,-3.9971794892209985e-20,0,3.9547330213850534e-18,30.550105667021892,178.28088531056835,178.28088531056835,-4.9907382098942363e-25,0.012482618475880876,-0.012482618475880876,0,0,1.6008389515983108e-17,118,118,0,-1.6658958680350334e-05,0.043129041892867023,-2.6497350576673792e-06,3.703976859550784e-12,4.0886238182849787e-10
1.9923494366321323e-17,727,1870.7072099542072,-1.0839274156272622e-08,-3.9627671973016472e-20,0,3.9451612389893611e-18,31.714918713037733,178.28088531056835,178.28088531056835,-4.4952467564201271e-25,0.010662797190807139,-0.010662797190807139,0,0,1.5978333576856637e-17,119,119,0,-1.7565929918037727e-05,0.041684857146977075,-2.9656788858400676e-06,3.703277445795647e-12,4.1256565927429352e-10
1.988475300543104e-17,733,1852.5167649242708,-1.0729618333151779e-08,-3.8741360890283653e-20,0,3.9448225615726719e-18,32.130521223470723,178.28088531056835,178.28088531056835,-3.0615128149102582e-25,0.0068498449806529424,-0.0068498449806529424,0,0,1.5939930750009648e-17,120,120,0,-1.8622762166888764e-05,0.040004058041487538,-3.0630588266108436e-06,3.6578724995289205e-12,4.1622353177382244e-10
1.9845998918243155e-17,739,1834.1063121872937,-1.066458378059155e-08,-3.8754087187883681e-20,0,3.9476329196979301e-18,38.176659047598449,178.28088531056835,178.28088531056835,-8.0855001429157827e-26,0.0017043726883705923,-0.0017043726883705923,0,0,1.5898366079400227e-17,121,121,0,-1.9766559367459267e-05,0.038042249086208929,-2.9352877661774618e-06,3.6894752191212563e-12,4.1991300699294367e-10
1.9807600259404755e-17,745,1998.3310022709072,-1.0559445686631352e-08,-3.8398658838401124e-20,0,3.9616613193172081e-18,42.303355913044328,178.28088531056835,178.28088531056835,1.8813134062764561e-25,0.0037547271659963705,0.0037547271659963705,0,0,1.5845938751956205e-17,122,122,0,-2.0877165005427474e-05,0.035829165860293909,-2.582290376654067e-06,3.6812976755331065e-12,4.2359430466847679e-10
1.9769185914120434e-17,751,2002.7675925682336,-1.0477864049861517e-08,-3.8414345284319609e-20,0,3.9713125597854568e-18,42.82474424084716,178.28088531056835,178.28088531056835,4.4836185123730214e-25,0.0085477790178844736,0.0085477790178844736,0,0,1.5797872905973127e-17,123,123,0,-2.1855670066345485e-05,0.033345742361018789,-2.0579262562781273e-06,3.7244242076488842e-12,4.2731872887612568e-10
1.9730677701572645e-17,757,2054.026049740392,-1.052184551284518e-08,-3.850821254779116e-20,0,3.9614961787732712e-18,41.622421016766786,178.28088531056835,178.28088531056835,6.3446711683990724e-25,0.011685652206768603,0.011685652206768603,0,0,1.5769180888332255e-17,124,124,0,-2.2622725202304622e-05,0.030621815854402146,-1.469877123852566e-06,3.7370482181216219e-12,4.310557770942473e-10
1.9691644866045103e-17,763,2002.6650282490732,-1.0482041100064709e-08,-3.9032835527539484e-20,0,3.9642450869566657e-18,40.452021971543957,178.28088531056835,178.28088531056835,6.9598099064648386e-25,0.012530819653143524,0.012530819653143524,0,0,1.5727399083107446e-17,125,125,0,-2.3142307324030746e-05,0.027656583116679376,-8.9544095406089282e-07,3.7849874030661846e-12,4.3484076449731347e-10
1.965253022494296e-17,769,1957.1726140057422,-1.0453277304743254e-08,-3.9114641102146183e-20,0,3.9694085536978916e-18,38.377640838806364,178.28088531056835,178.28088531056835,6.0864392389355999e-25,0.010838142916130347,0.010838142916130347,0,0,1.5683121062601145e-17,126,126,0,-2.3398993436247109e-05,0.024509728007886013,-4.1480689578020851e-07,3.8148958237471589e-12,4.3865566032106061e-10
1.961285910786225e-17,775,1990.4961382444149,-1.0466924052269934e-08,-3.96711170807079e-20,0,3.9769465973350199e-18,34.86359498770053,178.28088531056835,178.28088531056835,3.8657680662720877e-25,0.0068695649885466108,0.0068695649885466108,0,0,1.5635912123950425e-17,127,127,0,-2.344743367249767e-05,0.021204008401365548,-1.0034619926024486e-07,3.867972116253154e-12,4.4252363243731376e-10
1.9573011322448647e-17,781,2052.5526658233161,-1.0322651536473621e-08,-3.9847785413602975e-20,0,4.0204788250648624e-18,33.033161686819732,178.28088531056835,178.28088531056835,7.8286238119380435e-26,0.0013952221123779724,0.0013952221123779724,0,0,1.5552532419097545e-17,128,128,0,-2.3379263841696084e-05,0.017803830782918573,3.9957939712918842e-08,3.9128305831318566e-12,4.4643646302044562e-10
1.9533222113594505e-17,787,2121.5441075347871,-1.0179221258151562e-08,-3.9789208854141711e-20,0,4.0793324829514615e-18,34.908620015562988,178.28088531056835,178.28088531056835,-2.4947173208141645e-25,0.0044624568303680461,-0.0044624568303680461,0,0,1.5453889880114774e-17,129,129,0,-2.3293571004789945e-05,0.014383069996305724,4.9052595389045259e-08,3.9729301656300351e-12,4.5040939318607568e-10
1.9494540598018565e-17,793,2255.2515421197504,-1.0020153200563636e-08,-3.8681515575940954e-20,0,4.1456527111644198e-18,36.166000147752861,178.28088531056835,178.28088531056835,-5.1887747075826882e-25,0.0092709290044696059,-0.0092709290044696059,0,0,1.5348888405731615e-17,130,130,0,-2.3320095110721887e-05,0.011118814726718367,-2.8418314036389347e-08,3.9094230187020082e-12,4.5431881620477769e-10
1.9456503431899929e-17,799,2134.2596642674307,-9.8367947569788969e-09,-3.8037166118635322e-20,0,4.2175455582431008e-18,32.975288792018191,178.28088531056835,178.28088531056835,-6.8452394675367864e-25,0.012098333921707552,-0.012098333921707552,0,0,1.5238958558180775e-17,131,131,0,-2.3575007351730021e-05,0.0080255650721487368,-1.2590521682671049e-07,3.9141313379766636e-12,4.5823294754275436e-10
1.941934851230564e-17,805,2008.644082236608,-9.6957258684729936e-09,-3.7154919594289004e-20,0,4.2786632726449295e-18,31.302075959857337,178.28088531056835,178.28088531056835,-7.1389608788332095e-25,0.012340617129536999,-0.012340617129536999,0,0,1.5140685953556799e-17,132,132,0,-2.4103875856626157e-05,0.0052031142311649943,-1.805413259905375e-07,3.8835477494850387e-12,4.621164952922394e-10
1.9381705570755371e-17,811,1897.2684596486292,-9.5652520451671312e-09,-3.7642941550270405e-20,0,4.3286830087733209e-18,32.83278339846747,178.28088531056835,178.28088531056835,-5.9059149642069843e-25,0.0098696481874216181,-0.0098696481874216181,0,0,1.5053023152573546e-17,133,133,0,-2.4932984996198986e-05,0.0026032693076037984,-1.82646687519106e-07,4.0007794087961586e-12,4.6611727470103552e-10
1.9344206393881932e-17,817,1958.1539128868731,-9.4612333741496739e-09,-3.7499176873438761e-20,0,4.361351681890693e-18,36.406059316913321,178.28088531056835,178.28088531056835,-3.2057761863611654e-25,0.0051373406065455193,-0.0051373406065455193,0,0,1.4982855032568855e-17,134,134,0,-2.6000613546026872e-05,0.00034025983427080558,-1.3591967662512615e-07,4.0390826663088821e-12,4.7015635736734444e-10
1.9307307145220717e-17,823,1910.6004096438992,-9.3379941735146616e-09,-3.6899248661212431e-20,0,4.3758076131213254e-18,42.653518245700106,178.28088531056835,178.28088531056835,4.7611203753908264e-26,0.00073067451494458367,0.00073067451494458367,0,0,1.4931499484488188e-17,135,135,0,-2.715025795805268e-05,-0.0015127029894822833,-5.1826101761398604e-08,4.0151859626638024e-12,4.7417154333000825e-10
1.9271147536339598e-17,829,1788.2422712023033,-9.1709001224009901e-09,-3.6159608881120513e-20,0,4.3698622662700648e-18,43.476444138390093,178.28088531056835,178.28088531056835,4.3424944084511876e-25,0.0064119449928263864,0.0064119449928263864,0,0,1.4901284835820095e-17,136,136,0,-2.8218780295451482e-05,-0.0029500446280917962,3.4924858937083625e-08,3.9980826541158639e-12,4.7816962598412407e-10
1.9235807168613279e-17,835,1721.5534172391633,-9.0527488818133947e-09,-3.5340367726317068e-20,0,4.3291080087007555e-18,41.28043340473198,178.28088531056835,178.28088531056835,7.4155677864785883e-25,0.010632926138878217,0.010632926138878217,0,0,1.4906698418355746e-17,137,137,0,-2.9058980290700372e-05,-0.0039675948871522818,1.0398315296590832e-07,3.9640629050080338e-12,4.8213368888913207e-10
1.9201147795323336e-17,841,1754.0959808042126,-8.8556921856985083e-09,-3.4659373289944099e-20,0,4.2728071970944271e-18,40.608221525690752,178.28088531056835,178.28088531056835,8.881557710579438e-25,0.012515010318397805,0.012515010318397805,0,0,1.4928339710073141e-17,138,138,0,-2.9569684338476509e-05,-0.0045841244544241174,1.5091395289860278e-07,3.950819133363129e-12,4.8608450802249516e-10
1.9166760438034357e-17,847,1604.5531264385577,-8.6737532701242939e-09,-3.4387357288979796e-20,0,4.1928165417401005e-18,42.090150924543508,178.28088531056835,178.28088531056835,8.2926381660241962e-25,0.011625030930522494,0.011625030930522494,0,0,1.4973943067030441e-17,139,139,0,-2.9722638358091936e-05,-0.004812555972238711,1.770046140675307e-07,4.0204604209030555e-12,4.9010496844339819e-10
1.9132910818352331e-17,853,1651.8866992102239,-8.5319740129026576e-09,-3.3849619682027416e-20,0,4.095361982592375e-18,42.283580652054312,178.28088531056835,178.28088531056835,5.7480069642932279e-25,0.0081023181838879733,0.0081023181838879733,0,0,1.503754826095926e-17,140,140,0,-2.955947726845431e-05,-0.0046591509784957193,1.9007063298166031e-07,4.0254653288098686e-12,4.9413043377220806e-10
1.9099528522784132e-17,859,1729.9720862926879,-8.3699935242524883e-09,-3.3382295568196794e-20,0,3.9990912910533544e-18,40.227982844119616,178.28088531056835,178.28088531056835,1.897865355330692e-25,0.0027083734145910933,0.0027083734145910933,0,0,1.5100437041944242e-17,141,141,0,-2.9197496442965541e-05,-0.004145161878319834,2.0000364250525308e-07,4.0499230200662884e-12,4.9818035679227432e-10
1.9067751264901686e-17,865,1572.7246158171308,-8.3234140107755883e-09,-3.1777257882444943e-20,0,3.9008484124074892e-18,38.84543154893656,178.28088531056835,178.28088531056835,-2.1222684130716532e-25,0.0030684216854912996,-0.0030684216854912996,0,0,1.5166903064721041e-17,142,142,0,-2.8818676051876198e-05,-0.0033338839581827802,2.1312496043054125e-07,3.8859029090249992e-12,5.0206625970129928e-10
1.9036141154283758e-17,871,1766.6079626548562,-8.272406000356667e-09,-3.161011061793165e-20,0,3.8176945997737457e-18,39.008927283004759,178.28088531056835,178.28088531056835,-5.6168889818114675e-25,0.0081938456997777322,-0.0081938456997777322,0,0,1.5218447116198909e-17,143,143,0,-2.8562539433144653e-05,-0.0022470587759716035,2.2483102243319688e-07,3.8834484373892308e-12,5.0594970813868847e-10
1.9005013992559476e-17,877,1848.5479872887263,-8.2616545868576888e-09,-3.1127161724279848e-20,0,3.7478647008515742e-18,37.592518526181593,178.28088531056835,178.28088531056835,-7.9201303879871473e-25,0.011562984402998317,-0.011562984402998317,0,0,1.5257150083720941e-17,144,144,0,-2.853981475124446e-05,-0.00092591729382305015,2.2521323116296118e-07,3.8380797068845753e-12,5.0978778784557308e-10
1.8973104565038705e-17,883,1680.4776428690443,-8.2943844245691864e-09,-3.190942752077204e-20,0,3.6877441551911307e-18,31.935652469142152,178.28088531056835,178.28088531056835,-8.6697821650994097e-25,0.01253816835080827,-0.01253816835080827,0,0,1.5285361276825789e-17,145,145,0,-2.881129950077273e-05,0.00066246279454515011,1.9620430882281046e-07,3.9314130869627218e-12,5.1371920093253583e-10
1.8940609716393871e-17,889,1870.4069787526639,-8.2485861334021937e-09,-3.2494848644834229e-20,0,3.6508942332387554e-18,31.534372639424536,178.28088531056835,178.28088531056835,-7.5776465687456285e-25,0.010739821514414657,-0.010739821514414657,0,0,1.5289716240919773e-17,146,146,0,-2.93985587445274e-05,0.0024970979933024821,1.1063477102751374e-07,4.0116687275913085e-12,5.1773086966012718e-10
1.8907286553237359e-17,895,1763.6586894257707,-8.2019881849993467e-09,-3.3323163156510347e-20,0,3.6255348424898436e-18,30.052940333885989,178.28088531056835,178.28088531056835,-4.6038730303086557e-25,0.006337585538001028,-0.006337585538001028,0,0,1.5281752171134819e-17,147,147,0,-3.0268316187473636e-05,0.0045935557945126406,-3.0154390910029182e-08,4.1570218323688794e-12,5.218878914924961e-10
1.8875238532677497e-17,901,1763.4519898029657,-8.1293076426589003e-09,-3.2048020559861597e-20,0,3.6106980961967693e-18,32.937835938332611,178.28088531056835,178.28088531056835,-4.7567769713220921e-26,0.00063497799913031028,-0.00063497799913031028,0,0,1.5264540484048499e-17,148,148,0,-3.1213528774818406e-05,0.0067567799178776811,-1.7959985337147373e-07,4.0044497430968933e-12,5.2589234123559299e-10
1.8843467711689061e-17,907,1789.8936904467457,-7.9894993316171607e-09,-3.177082098843829e-20,0,3.6080744272605413e-18,36.592479344547051,178.28088531056835,178.28088531056835,4.0363284266610629e-25,0.005242494549558308,0.005242494549558308,0,0,1.5235392880795676e-17,149,149,0,-3.2080214775841065e-05,0.0090145420468750077,-3.0674963090606373e-07,4.0282666462270683e-12,5.2992060788182009e-10
1.8812485822665118e-17,913,1568.1145814195954,-7.8603555179255496e-09,-3.0981889023941443e-20,0,3.6082038927705641e-18,34.667930020620133,178.28088531056835,178.28088531056835,7.7571768031141599e-25,0.0098962154255436783,0.0098962154255436783,0,0,1.5204281154176874e-17,150,150,0,-3.2660535996003701e-05,0.011279135502719454,-3.6970621892308072e-07,3.9907900061114941e-12,5.3391139788793162e-10
1.8781241505983926e-17,919,1703.3992617763001,-7.7025869258579325e-09,-3.1244316681191958e-20,0,3.6087092959822334e-18,33.043678472543931,178.28088531056835,178.28088531056835,9.7485279046223833e-25,0.012378601954853885,0.012378601954853885,0,0,1.5172531235148904e-17,151,151,0,-3.2813775269075607e-05,0.013587715603393915,-3.5663949607122051e-07,4.1124118229176355e-12,5.3802380971084928e-10
1.8749649764093714e-17,925,1536.0951440562314,-7.5954919286244089e-09,-3.1591741890210909e-20,0,3.5969133010598262e-18,34.726006561021691,178.28088531056835,178.28088531056835,9.2429938575261738e-25,0.011870970582717608,0.011870970582717608,0,0,1.5152735538734505e-17,152,152,0,-3.2442565785230446e-05,0.015892456349436982,-2.7745463892902386e-07,4.2496121599105355e-12,5.422734218707598e-10
1.8719424842435367e-17,931,1530.317475628952,-7.5174627138339148e-09,-3.0224921658348819e-20,0,3.5746280027981894e-18,37.973012012264775,178.28088531056835,178.28088531056835,6.4875923557187681e-25,0.0085452993658045196,0.0085452993658045196,0,0,1.5144796190877942e-17,153,153,0,-3.1633338585703942e-05,0.017992550968319282,-1.6913008919259786e-07,4.0943144303865952e-12,5.4636773630114641e-10
1.8689517651575527e-17,937,1516.9459347772424,-7.4540244389893662e-09,-2.9907190859842301e-20,0,3.5402967213426116e-18,43.286602451363493,178.28088531056835,178.28088531056835,2.3648471141967564e-25,0.0032264193186327529,0.0032264193186327529,0,0,1.5149220693748201e-17,154,154,0,-3.0540139607998233e-05,0.019934953173937002,-8.9196375608868641e-08,4.0887954338941657e-12,5.5045653173504052e-10
1.8659602714157446e-17,943,1346.4959298900801,-7.3852961902451109e-09,-2.991493741808009e-20,0,3.4971046448373957e-18,44.712950731503057,178.28088531056835,178.28088531056835,-2.0459456400050242e-25,0.0029034001096325695,-0.0029034001096325695,0,0,1.5162498273914613e-17,155,155,0,-2.9361345932853098e-05,0.02170420192718997,-9.3300621818986361e-08,4.1280614190347443e-12,5.5458459315407528e-10
1.8629508104506157e-17,949,1444.2035243541766,-7.3079833807412192e-09,-3.0094609651288031e-20,0,3.4439873714164373e-18,42.861715904155595,178.28088531056835,178.28088531056835,-5.7228441835078468e-25,0.0084259923695383914,-0.0084259923695383914,0,0,1.5185521305374137e-17,156,156,0,-2.8299555770078055e-05,0.02328544036168596,-2.1972095259380392e-07,4.2030014501437644e-12,5.5878759460421903e-10
1.8599161051200389e-17,955,1325.7176901989137,-7.2509965912340631e-09,-3.034705330576586e-20,0,3.3772660799898835e-18,40.176826874544091,178.28088531056835,178.28088531056835,-7.8742313351443906e-25,0.0119127565026727,-0.0119127565026727,0,0,1.522189575863364e-17,157,157,0,-2.7541314407282821e-05,0.024654933450027013,-4.7510515151296809e-07,4.2883284432379529e-12,5.6307592304745694e-10
1.8569696870310519e-17,961,1392.3461581462345,-7.21516928148245e-09,-2.9464180889872131e-20,0,3.3060291265170009e-18,38.520955193194261,178.28088531056835,178.28088531056835,-8.0818153111877133e-25,0.012375896939548828,-0.012375896939548828,0,0,1.5263668551975047e-17,158,158,0,-2.7209527218658477e-05,0.025746989904564116,-7.9562465702025905e-07,4.1738576560214774e-12,5.6724978070347837e-10
1.8540390529333678e-17,967,1416.0796751985908,-7.1732776567156825e-09,-2.9306340976840558e-20,0,3.2398699021240704e-18,37.406880211141285,178.28088531056835,178.28088531056835,-6.4351183129841768e-25,0.0098310210757103379,-0.0098310210757103379,0,0,1.530052127072144e-17,159,159,0,-2.7273863787151254e-05,0.026606171272355685,-1.1095534978846991e-06,4.1721193757052545e-12,5.7142190007918358e-10
1.8511717962800999e-17,973,1309.9785035640211,-7.1217465282786824e-09,-2.8672566532678264e-20,0,3.1854465423369946e-18,35.917301496432785,178.28088531056835,178.28088531056835,-3.3156689829181775e-25,0.0049978498992432306,-0.0049978498992432306,0,0,1.5326271752030902e-17,160,160,0,-2.7642461673145494e-05,0.027232732104583698,-1.3334098617612714e-06,4.0992273822271762e-12,5.7552112746141079e-10
1.8482994091227058e-17,979,1453.1986146046461,-7.055223244169343e-09,-2.8723871573943118e-20,0,3.1453916229948356e-18,34.053786514630964,178.28088531056835,178.28088531056835,7.2772862550544101e-26,0.0010759215614953384,0.0010759215614953384,0,0,1.5337602395459358e-17,161,161,0,-2.8182376065254213e-05,0.027661435298933237,-1.4166065821235195e-06,4.144315152089259e-12,5.7966544261350008e-10
1.8454712584362901e-17,985,1343.1167137475795,-6.9396652891191037e-09,-2.8281506864156676e-20,0,3.129100096819464e-18,32.324338343395425,178.28088531056835,178.28088531056835,4.7379438234954509e-25,0.0068715978164796097,0.0068715978164796097,0,0,1.5325612013749052e-17,162,162,0,-2.8729027986094977e-05,0.027899241013241934,-1.3309994453455997e-06,4.1283327865245073e-12,5.8379377540002462e-10
1.8426423029508715e-17,991,1394.2676648892498,-6.7699795598872664e-09,-2.82895548541836e-20,0,3.1389506315236648e-18,30.283468111168983,178.28088531056835,178.28088531056835,7.7695432560954274e-25,0.011103377796708039,0.011103377796708039,0,0,1.5287471621030725e-17,163,163,0,-2.9156079792284098e-05,0.027971266851737345,-1.0833922555588288e-06,4.2291958984419825e-12,5.8802297129846656e-10
1.8398711008891183e-17,997,1354.2540323853143,-6.5561111586875719e-09,-2.771202061753507e-20,0,3.1743255395587001e-18,27.12528608405734,178.28088531056835,178.28088531056835,8.8527439831031148e-25,0.012563406735514307,0.012563406735514307,0,0,1.5224384584058084e-17,164,164,0,-2.9360215775457523e-05,0.027896837576976096,-7.1844584439449441e-07,4.2642264829085198e-12,5.9228719778137511e-10
1.8371171788042887e-17,1003,1220.3210883118334,-6.3221330722396728e-09,-2.7539220848292474e-20,0,3.2249584027432815e-18,26.879582477968974,178.28088531056835,178.28088531056835,7.5425594601098981e-25,0.010721149768023594,0.010721149768023594,0,0,1.5146212631043661e-17,165,165,0,-2.9313396197042119e-05,0.027699167963875591,-2.9141139710188628e-07,4.4149559072294782e-12,5.9670215368860461e-10
1.8344842535713751e-17,1009,1289.9008529277344,-6.2035513798176109e-09,-2.6329252329135554e-20,0,3.2620231037479244e-18,27.045346581037382,178.28088531056835,178.28088531056835,4.2429720291046937e-25,0.0060810341367073624,0.0060810341367073624,0,0,1.5082819007668624e-17,166,166,0,-2.9072440186673775e-05,0.027427913584279987,8.5764319641518037e-08,4.3298198985769421e-12,6.0103197358718156e-10
1.8319643420063035e-17,1015,1256.5017254262764,-6.1248376179655587e-09,-2.5199115650718496e-20,0,3.2931951807043938e-18,31.323714398481069,178.28088531056835,178.28088531056835,4.2851673900557145e-27,6.2056395318323585e-05,6.2056395318323585e-05,0,0,1.5026448235073472e-17,167,167,0,-2.8771996880617615e-05,0.027118071170975228,3.3934279260286229e-07,4.1898181695139966e-12,6.0522179175669558e-10
1.8294918162165807e-17,1021,1440.2347552864712,-6.0757739622047025e-09,-2.4725257897229365e-20,0,3.3233864890487494e-18,32.330295916478811,178.28088531056835,178.28088531056835,-4.0543584853725315e-25,0.0059166683157926576,-0.0059166683157926576,0,0,1.4971532078552905e-17,168,168,0,-2.8551812361391882e-05,0.026788313229782305,4.3644837411764456e-07,4.1478595194592108e-12,6.0936965127615484e-10
1.8270466036291025e-17,1027,1369.6691316235213,-6.0155184969704298e-09,-2.4452125874780678e-20,0,3.357773250727867e-18,29.620027116749736,178.28088531056835,178.28088531056835,-7.1674890317041966e-25,0.010463802956374517,-0.010463802956374517,0,0,1.4912693502312061e-17,169,169,0,-2.8540806584948054e-05,0.026445393715116748,3.7502377239400326e-07,4.1355153477811727e-12,6.1350516662393603e-10
1.8246199315739938e-17,1033,1166.6332178930236,-5.9677021322716577e-09,-2.4266720551085858e-20,0,3.3889519583154317e-18,32.129075186893253,178.28088531056835,178.28088531056835,-8.6563955546642582e-25,0.012512899658259743,-0.012512899658259743,0,0,1.4857248223064062e-17,170,170,0,-2.8824905334661406e-05,0.026078954456097137,1.9445417456109379e-07,4.1428678626009537e-12,6.1764803448653701e-10
1.822164633392848e-17,1039,1200.1900165720701,-5.9433465335351671e-09,-2.4552981811457207e-20,0,3.409911992639072e-18,33.400141030452438,178.28088531056835,178.28088531056835,-8.1360389414712291e-25,0.011514437110344125,-0.011514437110344125,0,0,1.4811735154893303e-17,171,171,0,-2.9441441150146227e-05,0.025658033088580192,-4.5092329053829116e-08,4.2248363207140811e-12,6.2187287080725105e-10
1.8196748624864491e-17,1045,1137.6816890106688,-5.9468409886520051e-09,-2.4897709063990393e-20,0,3.4164130781897555e-18,39.665603379764306,178.28088531056835,178.28088531056835,-5.5091656390887699e-25,0.0075630546572066516,-0.0075630546572066516,0,0,1.4780336097591301e-17,172,172,0,-3.0351303633203109e-05,0.025139237741613533,-2.6359770969996135e-07,4.2963659066093054e-12,6.2616923671386035e-10
1.817143419769792e-17,1051,1191.5348571478175,-5.9310583835662645e-09,-2.5314427166569263e-20,0,3.4163993018675011e-18,41.880415340338565,178.28088531056835,178.28088531056835,-1.1659901805818461e-25,0.0015453505525551447,-0.0015453505525551447,0,0,1.4755035012429439e-17,173,173,0,-3.1438125226950892e-05,0.024464766488343895,-3.9453304721878037e-07,4.3769862754774801e-12,6.3054622298933786e-10
1.8146269240585275e-17,1057,1272.0606760193075,-5.8835666087305141e-09,-2.5164957112648598e-20,0,3.4155437020879304e-18,39.57704807487395,178.28088531056835,178.28088531056835,3.8071405624172032e-25,0.0048797073554411553,0.0048797073554411553,0,0,1.4730725157783287e-17,174,174,0,-3.2508272568937392e-05,0.023600567972562183,-4.0316718396103779e-07,4.3733209052462382e-12,6.3491954389458411e-10
1.8121367292778341e-17,1063,1364.5878565417213,-5.8178003683827371e-09,-2.4901947806931868e-20,0,3.4142356581464916e-18,36.856444843846951,178.28088531056835,178.28088531056835,8.0105043447785149e-25,0.0099992700354614664,0.0099992700354614664,0,0,1.4707130833581416e-17,175,175,0,-3.3379538024403153e-05,0.022517649533295658,-2.9530185941193242e-07,4.3674437267974525e-12,6.3928698762138156e-10
1.8096925817943482e-17,1069,1293.5017546135198,-5.7309561380628824e-09,-2.4441474834859353e-20,0,3.4144070901693273e-18,38.268890392728373,178.28088531056835,178.28088531056835,1.0136706469275114e-24,0.012456240641354107,0.012456240641354107,0,0,1.4682517714103507e-17,176,176,0,-3.3907723984659338e-05,0.021209377260954832,-1.1419005449020915e-07,4.3400485346127291e-12,6.4362703615599432e-10
1.807320757205064e-17,1075,1176.2446694715213,-5.6655254454116665e-09,-2.3718245892842244e-20,0,3.4068020290225086e-18,42.26198868368769,178.28088531056835,178.28088531056835,9.546042990730533e-25,0.011686955083642045,0.011686955083642045,0,0,1.4666404588423834e-17,177,177,0,-3.4033825614418212e-05,0.019704457013384788,7.7673916508914161e-08,4.2621928860002631e-12,6.4788922904199458e-10
1.8050221935736178e-17,1081,1154.4053160524443,-5.6290116461944248e-09,-2.2985636314461732e-20,0,3.3839453770145587e-18,44.375877392120216,178.28088531056835,178.28088531056835,6.5555431207326884e-25,0.0080808703584933517,0.0080808703584933517,0,0,1.4666275903167308e-17,178,178,0,-3.3801758710804087e-05,0.018044194531670665,2.2494544320131051e-07,4.1546277572821984e-12,6.5204385679927682e-10
1.8026857074451212e-17,1087,1145.6985804940716,-5.6325667170298016e-09,-2.3364861284967064e-20,0,3.3378788000921218e-18,42.942905840051075,178.28088531056835,178.28088531056835,1.9118747417136465e-25,0.002392060250600864,0.002392060250600864,0,0,1.4688978083171615e-17,179,179,0,-3.330244192274908e-05,0.016184090635148037,2.9841666104875914e-07,4.2465744629405935e-12,6.562904312622174e-10
1.8003090103648214e-17,1093,1110.6762215876643,-5.6785343916079082e-09,-2.3766970802998653e-20,0,3.2693730635163755e-18,39.143287683412773,178.28088531056835,178.28088531056835,-3.1164622047808385e-25,0.0039715758889972636,-0.0039715758889972636,0,0,1.4733717351778059e-17,180,180,0,-3.2695482975843677e-05,0.014187970345537185,2.8296920468817311e-07,4.2978860203103424e-12,6.6058831728252769e-10
1.7978703340467385e-17,1099,1142.8140017911019,-5.659301370577187e-09,-2.4386763180827947e-20,0,3.2032302733531851e-18,35.986609999504864,178.28088531056835,178.28088531056835,-7.2710860615945971e-25,0.0094184766652499387,-0.0094184766652499387,0,0,1.4775473794222804e-17,181,181,0,-3.216676432947628e-05,0.012089309339940846,1.8625341978513462e-07,4.4039283554015541e-12,6.649922456379292e-10
1.7954243444652815e-17,1105,1083.7275885721385,-5.5518396078175218e-09,-2.4459895814570613e-20,0,3.1563681311585219e-18,35.352625935549007,178.28088531056835,178.28088531056835,-9.4486868026913133e-25,0.012341659355903301,-0.012341659355903301,0,0,1.4797876258362972e-17,182,182,0,-3.1899704253006105e-05,0.0099817297600621399,2.4742074344079204e-08,4.4738923787805747e-12,6.6946613801670982e-10
1.793092827593397e-17,1111,1023.2293647894704,-5.3623615664545519e-09,-2.3315168718842845e-20,0,3.1343155198772919e-18,35.121587856940486,178.28088531056835,178.28088531056835,-9.1212353909129077e-25,0.011878072088913009,-0.011878072088913009,0,0,1.4796613668180217e-17,183,183,0,-3.1996057253762458e-05,0.0080237535746810838,-1.8694227897241946e-07,4.3717650335215497e-12,6.7383790305023138e-10
1.7909140947168056e-17,1117,975.6077267693795,-5.1584907400208971e-09,-2.1787328765915277e-20,0,3.1227645788780756e-18,33.285682335898578,178.28088531056835,178.28088531056835,-6.5431646411371386e-25,0.0084087624287910358,-0.0084087624287910358,0,0,1.4786377022606443e-17,184,184,0,-3.2422352558489268e-05,0.0062911233507072029,-4.4462026896614895e-07,4.2320757323005901e-12,6.7806997878253193e-10
1.7887998482072671e-17,1123,1006.2106080999932,-5.0112198896321479e-09,-2.1142465095385298e-20,0,3.1046433801749894e-18,31.635258245940946,178.28088531056835,178.28088531056835,-2.2271053522073752e-25,0.0028039798694975385,-0.0028039798694975385,0,0,1.4783355324608217e-17,185,185,0,-3.3094408897661294e-05,0.0047704206255805232,-7.5665311859762978e-07,4.2555836404859738e-12,6.8232556242301791e-10
1.7867460626891102e-17,1129,988.5999871643744,-4.9236371625493557e-09,-2.0537855181569109e-20,0,3.0799378850804647e-18,32.967277446236324,178.28088531056835,178.28088531056835,2.8182249963519265e-25,0.0034686991663457826,0.0034686991663457826,0,0,1.4787522459988138e-17,186,186,0,-3.3853048616644614e-05,0.0035236297190363768,-1.1030514774008163e-06,4.2275696338687322e-12,6.865531320568866e-10
1.7846675059364351e-17,1135,1015.4882783257748,-4.8713754075733555e-09,-2.0785567526751266e-20,0,3.0565042773675155e-18,35.644598011094558,178.28088531056835,178.28088531056835,7.4640053154565458e-25,0.009006037554483157,0.009006037554483157,0,0,1.4790170035596303e-17,187,187,0,-3.4532414460368458e-05,0.0025393392311864379,-1.4577443266607589e-06,4.3505027076240179e-12,6.909036347645106e-10
1.7825590360132759e-17,1141,1056.1367325042288,-4.8111522091249616e-09,-2.1084699231590723e-20,0,3.0477162946695012e-18,36.373558139764519,178.28088531056835,178.28088531056835,1.0237467437065625e-24,0.012212649218804947,0.012212649218804947,0,0,1.4777873041716513e-17,188,188,0,-3.4927814233414829e-05,0.0018472990398129472,-1.7695082721579942e-06,4.4725938881344639e-12,6.9537622865264509e-10
1.7805598461836073e-17,1147,933.69553963238752,-4.7108610999547933e-09,-1.9991898296687495e-20,0,3.0576012228267828e-18,35.901585228690195,178.28088531056835,178.28088531056835,1.0131098779890164e-24,0.012095067968035238,0.012095067968035238,0,0,1.4747996225899411e-17,189,189,0,-3.4900929613967118e-05,0.0014744423249605835,-1.9776125560287497e-06,4.2935988199056647e-12,6.9966982747255077e-10
1.7786330858413119e-17,1153,911.72116760110703,-4.623574072801928e-09,-1.9267603422950989e-20,0,3.0693525646873936e-18,36.728386066021756,178.28088531056835,178.28088531056835,7.4045463400958016e-25,0.0089473191103525453,0.0089473191103525453,0,0,1.4716977553271093e-17,190,190,0,-3.4482146033411844e-05,0.0013680446253860772,-2.0736027434502347e-06,4.2193121071506748e-12,7.0388913957970139e-10
1.7767251673781285e-17,1159,925.39668618750056,-4.5779406071139971e-09,-1.9079184631836218e-20,0,3.0709637284578342e-18,38.063033629262144,178.28088531056835,178.28088531056835,2.8773428335055168e-25,0.0035490822757249744,0.0035490822757249744,0,0,1.4696287657589165e-17,191,191,0,-3.3780362193786233e-05,0.0015028813719683693,-2.0609140497521759e-06,4.2387684861562347e-12,7.0812790806585766e-10
1.7748102485340436e-17,1165,940.4666455094673,-4.5469686958802485e-09,-1.9149188440850431e-20,0,3.0659665814439241e-18,37.567347380971789,178.28088531056835,178.28088531056835,-2.2302848187310842e-25,0.0028180975416066357,-0.0028180975416066357,0,0,1.4682136126924993e-17,192,192,0,-3.2975627259829393e-05,0.0018672978935046635,-1.9516574298794785e-06,4.2930269445062458e-12,7.1242093501036389e-10
1.7728749484809171e-17,1171,978.72157422184296,-4.5084667322710301e-09,-1.935300053126302e-20,0,3.0627530810816763e-18,35.898702928521494,178.28088531056835,178.28088531056835,-6.6279589292272546e-25,0.0085525393118678159,-0.0085525393118678159,0,0,1.4665997066523388e-17,193,193,0,-3.2290404675633956e-05,0.0024573772151090974,-1.7735913248147457e-06,4.3758080051670142e-12,7.1679674301553087e-10
1.7709985893460211e-17,1177,973.93463344965824,-4.4327260197741978e-09,-1.8763591348961165e-20,0,3.0666958917616251e-18,36.093018746551564,178.28088531056835,178.28088531056835,-9.17559065078333e-25,0.011966633643617823,-0.011966633643617823,0,0,1.4643290919257648e-17,194,194,0,-3.1948523578292999e-05,0.003232572714473048,-1.5681095653062038e-06,4.2891060417536578e-12,7.2108584905728455e-10
1.7691869664775422e-17,1183,944.58612563264569,-4.3819253531447928e-09,-1.8116228684789156e-20,0,3.0628278612776456e-18,37.972004708779558,178.28088531056835,178.28088531056835,-9.4855035449779888e-25,0.012338356191651153,-0.012338356191651153,0,0,1.4629042752048131e-17,195,195,0,-3.2032574537017694e-05,0.0041614999724358713,-1.3613251864064599e-06,4.1965081377460612e-12,7.2528235719503061e-10
1.7673477045339181e-17,1189,875.49004085423906,-4.3785095392880937e-09,-1.8392619436240057e-20,0,3.0381045915467616e-18,39.189391928630627,178.28088531056835,178.28088531056835,-7.4832246871483856e-25,0.009581453817511007,-0.009581453817511007,0,0,1.4635373202114888e-17,196,196,0,-3.2542141784516475e-05,0.0052648062962183618,-1.1537900555912348e-06,4.2962618956026517e-12,7.2957861909063324e-10
1.7654692359797218e-17,1195,867.9793265722368,-4.4322728884986083e-09,-1.8784685541964429e-20,0,2.9880259650813507e-18,39.009167305815517,178.28088531056835,178.28088531056835,-3.4137068808491468e-25,0.0042610029071835061,-0.0042610029071835061,0,0,1.4666666736086555e-17,197,197,0,-3.3381293043072024e-05,0.0065172366321606112,-9.3526364412767487e-07,4.3657050720374978e-12,7.3394432416267069e-10
1.7635194599150125e-17,1201,844.57742058720999,-4.4685552761862848e-09,-1.9497760647091191e-20,0,2.926763133927286e-18,37.900043927308857,178.28088531056835,178.28088531056835,1.9554491216444138e-25,0.0023707492350078757,0.0023707492350078757,0,0,1.4708431269677927e-17,198,198,0,-3.436763599125979e-05,0.0079091265133815151,-6.7252290082954762e-07,4.4876188746861043e-12,7.3843194303735681e-10
1.7615701292616017e-17,1207,924.09740972668192,-4.4547608681364874e-09,-1.9493306534108956e-20,0,2.8691205381326591e-18,36.124252265124085,178.28088531056835,178.28088531056835,7.0365790258851251e-25,0.0083220136067314477,0.0083220136067314477,0,0,1.4746580050825453e-17,199,199,0,-3.5230751426337907e-05,0.0093751197421851201,-3.4404734855532298e-07,4.4732177246151693e-12,7.4290516076197202e-10
1.7596422336504216e-17,1213,887.29070170471493,-4.3857899735288039e-09,-1.9278956111800514e-20,0,2.8235496979912703e-18,34.993729142552773,178.28088531056835,178.28088531056835,1.0256883183811529e-24,0.01195011883110522,0.01195011883110522,0,0,1.4772871612824628e-17,200,200,0,-3.5762835390918578e-05,0.010897533567073308,5.5556345296135985e-08,4.4606517967507237e-12,7.4736581255872278e-10
1.7577621534453601e-17,1219,876.77664343724086,-4.2708552379581536e-09,-1.8800802050615809e-20,0,2.7916586365447925e-18,35.343958902911332,178.28088531056835,178.28088531056835,1.0556900263962718e-24,0.012273246070580387,0.012273246070580387,0,0,1.4785961842218782e-17,201,201,0,-3.5839813021145138e-05,0.012466557053570847,5.0225998155648999e-07,4.4469900697035511e-12,7.5181280262842634e-10
1.7559206442299763e-17,1225,817.65102003714412,-4.167070226353786e-09,-1.841509215383585e-20,0,2.7646631878838268e-18,34.627239889505681,178.28088531056835,178.28088531056835,7.8187936506828044e-25,0.0091901897410081538,0.0091901897410081538,0,0,1.4794542472536573e-17,202,202,0,-3.5449003552601985e-05,0.014094167450568695,9.4583457898719644e-07,4.4740128535133752e-12,7.5628681548193968e-10
1.7541286570627924e-17,1231,798.960142761214,-4.0644485753106968e-09,-1.7919871671841278e-20,0,2.7415196046092212e-18,30.973272605911959,178.28088531056835,178.28088531056835,2.9680773706290659e-25,0.0035629191098633705,0.0035629191098633705,0,0,1.4799766669210965e-17,203,203,0,-3.4710271726477268e-05,0.015761009042695822,1.3101202168958358e-06,4.4630550204416453e-12,7.6074987050238135e-10
1.7523703448825181e-17,1237,804.55499908392176,-4.0230017072470017e-09,-1.7583121802740675e-20,0,2.7114630399170869e-18,28.061317140799073,178.28088531056835,178.28088531056835,-2.4813770348834643e-25,0.0030549609058650598,-0.0030549609058650598,0,0,1.4812240657045799e-17,204,204,0,-3.3843545947959646e-05,0.017464673926723177,1.5316908411902963e-06,4.4650323649891567e-12,7.6521490286737051e-10
1.7506763570731766e-17,1243,770.89343191074704,-4.0470224389623843e-09,-1.6939878093415489e-20,0,2.6756070410261715e-18,28.170583813199332,178.28088531056835,178.28088531056835,-6.8644545438193291e-25,0.0086331141568526618,-0.0086331141568526618,0,0,1.4831157216151049e-17,205,205,0,-3.3130447962302712e-05,0.019120176272683267,1.5719943046699216e-06,4.287028361502629e-12,7.6950193122887316e-10
1.7489473271531879e-17,1249,845.28370770977654,-4.1047081785810156e-09,-1.7290299199888767e-20,0,2.6433543454284295e-18,30.416302165422291,178.28088531056835,178.28088531056835,-9.4403021715561276e-25,0.012018773694158033,-0.012018773694158033,0,0,1.4846119870133665e-17,206,206,0,-3.2727625448731706e-05,0.020790907348584579,1.4372605508796188e-06,4.3318859491022353e-12,7.7383381717797538e-10
1.7471931027869928e-17,1255,898.62917604157519,-4.1184865848861939e-09,-1.7542243661950543e-20,0,2.6358145789011183e-18,30.886477754097037,178.28088531056835,178.28088531056835,-9.6349534200211048e-25,0.012257147507383204,-0.012257147507383204,0,0,1.4836117412464152e-17,207,207,0,-3.2752840108933552e-05,0.022433223722500485,1.1555811886163246e-06,4.3440901978058304e-12,7.7817790737578118e-10
1.7453895404451559e-17,1261,854.80723058011358,-4.0262963187947306e-09,-1.8035623418367406e-20,0,2.6669694484259426e-18,30.305204477152046,178.28088531056835,178.28088531056835,-7.2429423664538676e-25,0.0090826782003907026,-0.0090826782003907026,0,0,1.4786926680319853e-17,208,208,0,-3.3226902749367681e-05,0.024068351511821417,7.7675640626541286e-07,4.5290813312128186e-12,7.8270698870699398e-10
1.7436666162103798e-17,1267,909.88320617734394,-3.873063061761215e-09,-1.7229242347761622e-20,0,2.7248550673311727e-18,31.74524807830257,178.28088531056835,178.28088531056835,-2.7913673426507492e-25,0.0034204100723555721,-0.0034204100723555721,0,0,1.4711811373909359e-17,209,209,0,-3.400380952873578e-05,0.025554509064440813,4.1582712853166108e-07,4.4575606384239093e-12,7.8716454934541786e-10
1.7419966997375756e-17,1273,921.48805295377463,-3.6910591481977029e-09,-1.6699164728043352e-20,0,2.7952891135897597e-18,35.241076480380997,178.28088531056835,178.28088531056835,2.7538951772206938e-25,0.0032897356816197036,0.0032897356816197036,0,0,1.4624677608396477e-17,210,210,0,-3.4879894158452131e-05,0.026890111810501778,1.5847918021931945e-07,4.5278823130204957e-12,7.9169243165843835e-10
1.7403873213422444e-17,1279,785.01047444913706,-3.5230671311460378e-09,-1.6093783953311039e-20,0,2.8627172393426993e-18,37.934722830756819,178.28088531056835,178.28088531056835,7.7926080056608709e-25,0.0091227095728680582,0.0091227095728680582,0,0,1.4541155194818944e-17,211,211,0,-3.5591618656969321e-05,0.028020101133749753,7.7139631251260054e-08,4.5866542006796424e-12,7.9627908585911798e-10
1.7388115140309359e-17,1285,844.24588925172907,-3.3767232440496991e-09,-1.575807311308314e-20,0,2.9172699029982406e-18,39.00080989824265,178.28088531056835,178.28088531056835,1.0624341378501797e-24,0.012328848585040717,0.012328848585040717,0,0,1.4470844174876983e-17,212,212,0,-3.5906101670249678e-05,0.028911951990892925,1.8508087703417309e-07,4.7212638712307619e-12,8.0100034973034877e-10
1.7373177644214605e-17,1291,928.1983179004252,-3.3171547325423583e-09,-1.4937496094754636e-20,0,2.9401198502889383e-18,39.739964236515192,178.28088531056835,178.28088531056835,1.0094734649071631e-24,0.011782842909657303,0.011782842909657303,0,0,1.4433056784452203e-17,213,213,0,-3.5697152795447038e-05,0.029496314919929392,4.1850840639233867e-07,4.6048568648611265e-12,8.0560520659520986e-10
1.7358507543425391e-17,1297,862.69603200006668,-3.3306265515411267e-09,-1.4670100789214853e-20,0,2.9312229114284919e-18,40.066291214204817,178.28088531056835,178.28088531056835,6.5946889445502907e-25,0.0078417839513767809,0.0078417839513767809,0,0,1.4427283972528004e-17,214,214,0,-3.5040331093954543e-05,0.029786155198846104,6.7410211743546216e-07,4.5393871258713044e-12,8.1014459372108112e-10
1.7343354309749461e-17,1303,840.88462538365889,-3.3944242932359258e-09,-1.5153233675930371e-20,0,2.8960545322509505e-18,39.06958050487718,178.28088531056835,178.28088531056835,1.2286031085640475e-25,0.0015016066580465434,0.0015016066580465434,0,0,1.4447299654638201e-17,215,215,0,-3.4091348700330901e-05,0.029790456974799411,8.5339418409746335e-07,4.641531378680788e-12,8.1478612509976195e-10
1.7327780889939833e-17,1309,808.6886397263288,-3.4601467351112929e-09,-1.5573419809625755e-20,0,2.8467432740693855e-18,37.780825917924922,178.28088531056835,178.28088531056835,-4.2329230206382326e-25,0.0053261072766108766,-0.0053261072766108766,0,0,1.4481038039162752e-17,216,216,0,-3.3114577564153203e-05,0.029506338125190958,8.5837805954504203e-07,4.6695977435424051e-12,8.1945572284330436e-10
1.7312380194166323e-17,1315,903.22618494864264,-3.4932201986531909e-09,-1.5400695773511464e-20,0,2.7957825517561408e-18,37.097516090929332,178.28088531056835,178.28088531056835,-8.1072901184593709e-25,0.010429867273092518,-0.010429867273092518,0,0,1.4516598453139194e-17,217,217,0,-3.2388116367217154e-05,0.028969621120877097,6.549513168481887e-07,4.5350574045597091e-12,8.2399078024786408e-10
1.7296894714219613e-17,1321,1009.3358506869728,-3.4929188800191211e-09,-1.548547994671131e-20,0,2.7468628816860767e-18,35.768866407285003,178.28088531056835,178.28088531056835,-9.6510927230946416e-25,0.012550274661987704,-0.012550274661987704,0,0,1.4550032797642807e-17,218,218,0,-3.2041439274658139e-05,0.028194842383240281,2.682595676024721e-07,4.5325730926920961e-12,8.2852335334055617e-10
1.7281384247194455e-17,1327,1005.165364068146,-3.4567814838372691e-09,-1.5510467025157468e-20,0,2.7042614282492009e-18,33.849401851720806,178.28088531056835,178.28088531056835,-8.5249721471673146e-25,0.011058715499594772,-0.011058715499594772,0,0,1.4577123671442468e-17,219,219,0,-3.2120111310519278e-05,0.027185841459924087,-2.4188986479464501e-07,4.5694342002737401e-12,8.3309278754082987e-10
1.7266019934845328e-17,1333,886.93444885279052,-3.3938835000754547e-09,-1.5364312349126062e-20,0,2.6716772578374603e-18,33.330786700568495,178.28088531056835,178.28088531056835,-4.9438686040519517e-25,0.0063292033059669317,-0.0063292033059669317,0,0,1.4594343171394729e-17,220,220,0,-3.2546675341337299e-05,0.025952166431557854,-7.8256965188174336e-07,4.5910468316575871e-12,8.3768383437248742e-10
1.7250881717495041e-17,1339,929.34247357742765,-3.2898089654490764e-09,-1.5138217350286629e-20,0,2.6540946923335143e-18,33.93893588025491,178.28088531056835,178.28088531056835,2.659845919644242e-26,0.00033440591565870616,0.00033440591565870616,0,0,1.4596786998563069e-17,221,221,0,-3.3141433248914155e-05,0.024490733767203725,-1.2742932147661017e-06,4.644365650301611e-12,8.42328200022789e-10
1.7236039589734193e-17,1345,856.09229536470218,-3.1788992697491055e-09,-1.4842127760849829e-20,0,2.6448453488337757e-18,33.868174708052571,178.28088531056835,178.28088531056835,5.653313225613208e-25,0.0069940491727057772,0.0069940491727057772,0,0,1.4591193675569095e-17,222,222,0,-3.3679305351919802e-05,0.022803515548826148,-1.6667438156539658e-06,4.7213371749611958e-12,8.4704953719775021e-10
1.7221663527678599e-17,1351,795.29789668013507,-3.1136010321062702e-09,-1.4376062055592825e-20,0,2.6312546159356654e-18,33.87400724698167,178.28088531056835,178.28088531056835,9.3532321621361599e-25,0.011481717883490325,0.011481717883490325,0,0,1.4590407976419719e-17,223,223,0,-3.3942482362870751e-05,0.020941717438479005,-1.9395376234812532e-06,4.7077459151881081e-12,8.5175728311293836e-10
1.7207378943697554e-17,1357,884.22361017264996,-3.1122991143736638e-09,-1.4284583981045084e-20,0,2.6091733393018543e-18,35.215815255395476,178.28088531056835,178.28088531056835,1.0091348064350523e-24,0.012433370656419975,0.012433370656419975,0,0,1.4598204595260894e-17,224,224,0,-3.3818089047133301e-05,0.018918980996241185,-2.1090305798111316e-06,4.7256677747503881e-12,8.564829508876887e-10
1.7192684329082212e-17,1363,834.98330737758374,-3.1269414695255826e-09,-1.4694614615343156e-20,0,2.5884738371615694e-18,36.406369002590353,178.28088531056835,178.28088531056835,7.5129866757261004e-25,0.0094008979799023746,0.0094008979799023746,0,0,1.4604209740621973e-17,225,225,0,-3.3299064850866174e-05,0.016712571254556868,-2.1956521383201533e-06,4.8582721603625504e-12,8.6134122304805127e-10
1.7178261559170256e-17,1369,827.22768652506602,-3.1359868405261283e-09,-1.4422769911955713e-20,0,2.5762411602420069e-18,35.812834103425295,178.28088531056835,178.28088531056835,2.7162178993904401e-25,0.0034764720320018187,0.0034764720320018187,0,0,1.4602020127306458e-17,226,226,0,-3.2554769538240511e-05,0.014482030087877223,-2.2140452409916118e-06,4.7318326192678346e-12,8.6607305566731912e-10
1.7164236916496055e-17,1375,771.4300051282396,-3.1264886393152208e-09,-1.4024642674198537e-20,0,2.5746534248148125e-18,34.825779544167951,178.28088531056835,178.28088531056835,-2.5298576258787834e-25,0.0033123435063069679,-0.0033123435063069679,0,0,1.4589583744667006e-17,227,227,0,-3.1823611956552289e-05,0.012289800154336771,-2.1796344372647763e-06,4.5823630045182713e-12,8.7065541867183739e-10
1.7150139456924944e-17,1381,854.40204381222463,-3.1118722592495467e-09,-1.4097459571112518e-20,0,2.5813432185893822e-18,35.619228645663121,178.28088531056835,178.28088531056835,-6.8990877143231728e-25,0.0091835462367628167,-0.0091835462367628167,0,0,1.4568796928244333e-17,228,228,0,-3.1301850144341586e-05,0.010095835898427693,-2.0893839267544901e-06,4.6302227552082268e-12,8.7528564142704558e-10
1.7135990767064531e-17,1387,896.25773908865392,-3.0918931246983838e-09,-1.4148689860411368e-20,0,2.5954490770129715e-18,37.419753357259125,178.28088531056835,178.28088531056835,-9.2286190668806314e-25,0.012332249310573329,-0.012332249310573329,0,0,1.4540542612913469e-17,229,229,0,-3.1180507689118389e-05,0.0079696324329429843,-1.9289781105272048e-06,4.6738331758793345e-12,8.7995947460292494e-10
1.7121868859672963e-17,1393,926.35918940489898,-3.0473259999375003e-09,-1.4121907391571878e-20,0,2.6191844591836648e-18,37.440600699034214,178.28088531056835,178.28088531056835,-8.8771005210131222e-25,0.011718320335880966,-0.011718320335880966,0,0,1.4502685288199348e-17,230,230,0,-3.1564181365023055e-05,0.0059942265476379273,-1.6906877992220811e-06,4.7144722341204885e-12,8.8467394683704541e-10
1.7108229337451762e-17,1399,898.64794616926588,-2.9606810936344867e-09,-1.3639522221199573e-20,0,2.6533723523376943e-18,35.781811842096005,178.28088531056835,178.28088531056835,-5.8900402458398745e-25,0.0075714260092590554,-0.0075714260092590554,0,0,1.4454857574118092e-17,231,231,0,-3.2413754459982738e-05,0.0042907152232932733,-1.3989081206052166e-06,4.6461949849321132e-12,8.8932014182197747e-10
1.7094991143559961e-17,1405,843.16001201079644,-2.8428347404322848e-09,-1.3238193891799016e-20,0,2.6951355416638e-18,35.473652537649912,178.28088531056835,178.28088531056835,-8.9636551823673313e-26,0.0011117545770393854,-0.0011117545770393854,0,0,1.4399855691532715e-17,232,232,0,-3.3594251853146903e-05,0.0028856902840395091,-1.0869779941417316e-06,4.6746492630437687e-12,8.9399479108502126e-10
1.7082326442747068e-17,1411,814.29707067122558,-2.7174933018312146e-09,-1.2664700812896461e-20,0,2.7375923416252153e-18,37.132825552151658,178.28088531056835,178.28088531056835,4.7598690594283655e-25,0.0056895186426160803,0.0056895186426160803,0,0,1.4344733625134946e-17,233,233,0,-3.4858463419092201e-05,0.0018402567476836088,-7.8948946013847793e-07,4.6778318555143639e-12,8.9867262294053562e-10
1.70699713819618e-17,1417,807.62103578062522,-2.6270759841325061e-09,-1.2355060785264971e-20,0,2.7705917104815483e-18,37.907039704155842,178.28088531056835,178.28088531056835,9.3428157771039838e-25,0.010828920902857231,0.010828920902857231,0,0,1.4299378737198674e-17,234,234,0,-3.5948548724756885e-05,0.0011844084781714374,-5.1291448508919227e-07,4.7648486185224357e-12,9.0343747155905806e-10
1.7057938654624071e-17,1423,837.43749663967208,-2.5860467215741479e-09,-1.2032727337729083e-20,0,2.7874122037757123e-18,36.456886040631531,178.28088531056835,178.28088531056835,1.1037863715246153e-24,0.012558197039830165,0.012558197039830165,0,0,1.4270525347061987e-17,235,235,0,-3.6622373950428643e-05,0.00096773345809973395,-2.542541305113506e-07,4.7594038414684825e-12,9.081968754005265e-10
1.7046089971141261e-17,1429,808.8167135737898,-2.5971467970339418e-09,-1.1848683482811517e-20,0,2.7855910766329141e-18,34.813115150763061,178.28088531056835,178.28088531056835,9.1779837119912512e-25,0.010388013326476804,0.010388013326476804,0,0,1.4260497976709976e-17,236,236,0,-3.6813197671280557e-05,0.0011984962798494178,6.6983099547845392e-10,4.7042472469381682e-12,9.129011226474647e-10
1.7034255379959996e-17,1435,830.81793446683753,-2.6311888822887594e-09,-1.183459118126509e-20,0,2.7708094928997722e-18,35.285982632512592,178.28088531056835,178.28088531056835,4.4939748401445405e-25,0.0051122517698163616,0.0051122517698163616,0,0,1.4263445437662738e-17,237,237,0,-3.6627490214457115e-05,0.001855762095731179,2.6376265810194733e-07,4.6419720215895325e-12,9.1754309466905419e-10
1.7022164085664752e-17,1441,817.11573155040651,-2.6526510461839229e-09,-1.2091294295245022e-20,0,2.7517562494704795e-18,37.024725739393659,178.28088531056835,178.28088531056835,-1.53650070538945e-25,0.0017653077333478781,-0.0017653077333478781,0,0,1.4270407989844343e-17,238,238,0,-3.626612035686771e-05,0.0029255310885760435,5.4357478644089196e-07,4.6901727273113397e-12,9.2223326739636549e-10
1.7009716848300679e-17,1447,709.72167089086872,-2.6418682665447607e-09,-1.2447237364071048e-20,0,2.7344933443614008e-18,37.62842416506944,178.28088531056835,178.28088531056835,-7.1345231326690384e-25,0.0082626749381335702,-0.0082626749381335702,0,0,1.4275224217391592e-17,239,239,0,-3.5977670599439495e-05,0.0043953194079350433,8.3025946146088855e-07,4.8297762335089916e-12,9.2706304362987449e-10
1.6997607750680442e-17,1453,740.72721554926056,-2.6125840162559219e-09,-1.2109097620236738e-20,0,2.7186334742627852e-18,37.161135752587953,178.28088531056835,178.28088531056835,-1.041179351226735e-24,0.012046324053170347,-0.012046324053170347,0,0,1.427897531759701e-17,240,240,0,-3.601303831461817e-05,0.0061166422053048532,1.0737827782640307e-06,4.7292006911776463e-12,9.3179224432105214e-10
1.6985861548655623e-17,1459,740.12996961372289,-2.5937408927059222e-09,-1.1746202024819187e-20,0,2.7003904021858333e-18,37.492429882501312,178.28088531056835,178.28088531056835,-1.0625076037581949e-24,0.012136023833897225,-0.012136023833897225,0,0,1.4285472208977393e-17,241,241,0,-3.6479122620755808e-05,0.007980368339190802,1.2376304258107121e-06,4.6168157205672995e-12,9.3640906004161941e-10
1.6974364433361099e-17,1465,843.25505875203294,-2.5686880817254076e-09,-1.1497115294523278e-20,0,2.6822253260823432e-18,38.210902243074898,178.28088531056835,178.28088531056835,-7.8012487041184056e-25,0.0087056489408036588,-0.0087056489408036588,0,0,1.4292139887403627e-17,242,242,0,-3.7338058489225806e-05,0.0099115393977749541,1.3113702450087475e-06,4.548533399928691e-12,9.4095759344154805e-10
1.6963063749690981e-17,1471,892.21824823428165,-2.5240879347646114e-09,-1.1300683670119808e-20,0,2.6647479315362895e-18,37.547938896630178,178.28088531056835,178.28088531056835,-2.5850413908548177e-25,0.0028027442970899124,-0.0028027442970899124,0,0,1.429831607665883e-17,243,243,0,-3.8430212154633674e-05,0.011854297334418989,1.3159121772367508e-06,4.5267086269310606e-12,9.4548430206847912e-10
1.6951739615237526e-17,1477,909.80255127474936,-2.4550671948771106e-09,-1.1324134453455991e-20,0,2.6420316791826606e-18,35.681753980387974,178.28088531056835,178.28088531056835,3.8743695995266678e-25,0.0040828059217390932,0.0040828059217390932,0,0,1.4309707548617903e-17,244,244,0,-3.9539490669254836e-05,0.01380908307567201,1.2933561427112243e-06,4.6559725790656184e-12,9.5014027464754483e-10
1.6940497534101641e-17,1483,809.24713963886643,-2.4009090556785397e-09,-1.1242081135882575e-20,0,2.600047810084561e-18,34.796741058514023,178.28088531056835,178.28088531056835,9.5286925272206562e-25,0.0098352674092827223,0.0098352674092827223,0,0,1.4340448771147828e-17,245,245,0,-4.0367876009832444e-05,0.015707326888412414,1.2913633581134248e-06,4.7581606855108988e-12,9.5489843533305563e-10
1.6928993518453637e-17,1489,781.80904712967492,-2.3876301094147906e-09,-1.150401564800377e-20,0,2.5297871043361296e-18,35.21756054035793,178.28088531056835,178.28088531056835,1.2227076534446507e-24,0.012526694611141215,0.012526694611141215,0,0,1.4399205191409856e-17,246,246,0,-4.0670068049378072e-05,0.017535616323067323,1.3359569748121674e-06,4.9620634432490078e-12,9.5986049877630456e-10
1.6917624535108055e-17,1495,899.07977101879703,-2.3930054868655105e-09,-1.1368983345581529e-20,0,2.4469308140145711e-18,34.635384006530856,178.28088531056835,178.28088531056835,1.0648126630002512e-24,0.01099941940008179,0.01099941940008179,0,0,1.4470692656280823e-17,247,247,0,-4.0335941996465748e-05,0.019160833832756356,1.3967534476562772e-06,4.8937103643833315e-12,9.6475420914068791e-10
1.6906385106284811e-17,1501,936.34445109526575,-2.3759058335126632e-09,-1.1239428823245943e-20,0,2.3732437920783257e-18,32.905995123153396,178.28088531056835,178.28088531056835,5.5917273838175242e-25,0.0058986957276356104,0.0058986957276356104,0,0,1.4533140755033746e-17,248,248,0,-3.9498331792382523e-05,0.0205925153416062,1.4011340648494662e-06,4.8370818152933369e-12,9.6959129095598123e-10
1.6895279348752577e-17,1507,889.15477006293372,-2.338492951986487e-09,-1.1105757532234831e-20,0,2.3191115793687864e-18,32.179052074302746,178.28088531056835,178.28088531056835,-1.0314976897879056e-25,0.0011191265429615349,-0.0011191265429615349,0,0,1.4576167872533557e-17,249,249,0,-3.8404120318737504e-05,0.021876826783332297,1.2691154355590697e-06,4.839904119503779e-12,9.7443119507548495e-10
1.6884360690715365e-17,1513,780.55990237788217,-2.314501024121555e-09,-1.0918658037209668e-20,0,2.2850924167110419e-18,32.505598255065664,178.28088531056835,178.28088531056835,-6.9556025760423833e-25,0.0077538591984694328,-0.0077538591984694328,0,0,1.4599268969564582e-17,250,250,0,-3.7377100432636218e-05,0.023046961772988383,9.5174021792572603e-07,4.8231550662552822e-12,9.7925435014174013e-10
1.687351753743637e-17,1519,818.98262819167326,-2.3136828992508841e-09,-1.0843153278995997e-20,0,2.2716539428538507e-18,32.102434939791699,178.28088531056835,178.28088531056835,-1.046840988768728e-24,0.011883473100238448,-0.011883473100238448,0,0,1.4601864641423509e-17,251,251,0,-3.6705072805012265e-05,0.024134233503617191,4.5229039517184598e-07,4.8135344473664118e-12,9.8406788458910659e-10
1.6862608823728314e-17,1525,773.51640668159928,-2.3225527447006567e-09,-1.0908713708057396e-20,0,2.2808700795944876e-18,31.127825525861383,178.28088531056835,178.28088531056835,-1.0694237892522371e-24,0.012190759457923733,-0.012190759457923733,0,0,1.4581739813557614e-17,252,252,0,-3.6551721577237668e-05,0.0251487481635451,-1.742342865780021e-07,4.8274316501988569e-12,9.8889531623930545e-10
1.6851786756261018e-17,1531,761.35374063345432,-2.3141541921949099e-09,-1.0822067467295653e-20,0,2.3104287520987655e-18,31.109668322850393,178.28088531056835,178.28088531056835,-7.627384166880513e-25,0.0086123587242337343,-0.0086123587242337343,0,0,1.4541358766900667e-17,253,253,0,-3.6901351162462184e-05,0.02605527011365159,-8.1937566739893862e-07,4.779666546591658e-12,9.9367498278589715e-10
1.6841179365445036e-17,1537,664.55369283158893,-2.2843767887227706e-09,-1.0607390815980227e-20,0,2.348645648677074e-18,32.444837675876698,178.28088531056835,178.28088531056835,-2.1626987931688032e-25,0.0023987066504348648,-0.0023987066504348648,0,0,1.4492533933037842e-17,254,254,0,-3.7567098794275273e-05,0.026812788520579632,-1.3707538243202088e-06,4.7161984798138991e-12,9.9839118126571102e-10
1.6830829680440437e-17,1543,618.44073328489822,-2.2200110804322816e-09,-1.0349685004599881e-20,0,2.3858999190562915e-18,34.357537647435251,178.28088531056835,178.28088531056835,4.1556162595607227e-25,0.0045216675756828912,0.0045216675756828912,0,0,1.4444929345822519e-17,255,255,0,-3.8293544269592192e-05,0.027383338229935977,-1.7461863073162324e-06,4.6920524243979952e-12,1.0030832336901091e-09
1.6820641302126298e-17,1549,630.68272167061787,-2.1098076273811406e-09,-1.0188378314139318e-20,0,2.4176715061583431e-18,35.69487210044975,178.28088531056835,178.28088531056835,9.4855357985267674e-25,0.010175225791135166,0.010175225791135166,0,0,1.4402968847414374e-17,256,256,0,-3.8842445994289594e-05,0.027733472040562462,-1.9069039823483143e-06,4.8215120315913375e-12,1.0079047457217003e-09
1.6810956552549918e-17,1555,636.18120927539303,-1.9722535039379889e-09,-9.6847495763796717e-21,0,2.4383105640329346e-18,35.792627614980326,178.28088531056835,178.28088531056835,1.1751700802056386e-24,0.0125538580642299,0.0125538580642299,0,0,1.4372644813346904e-17,257,257,0,-3.9004280403647575e-05,0.027807981328483524,-1.8559446034321081e-06,4.8793091989358585e-12,1.0127840549206362e-09
1.6801944085339272e-17,1561,653.17673882213705,-1.8627712468548051e-09,-9.012467210644986e-21,0,2.4424015174716869e-18,35.698727073772162,178.28088531056835,178.28088531056835,1.0052034280591723e-24,0.010815163967953158,0.010815163967953158,0,0,1.4359541562664157e-17,258,258,0,-3.8726621522617838e-05,0.027582532939490204,-1.6678738332644814e-06,4.8491466782363069e-12,1.0176332015988726e-09
1.6793338082304078e-17,1567,559.43198396422315,-1.8017625160832217e-09,-8.6060030351957037e-21,0,2.4346474082023866e-18,36.301107205437468,178.28088531056835,178.28088531056835,5.0836536482438621e-25,0.0055559122231297877,0.0055559122231297877,0,0,1.4358690165736326e-17,259,259,0,-3.8124954733507086e-05,0.027052141287563319,-1.44245003250145e-06,4.8463931620251423e-12,1.0224795947608978e-09
1.6785000265461803e-17,1573,610.7307839368475,-1.7724322246974355e-09,-8.3378168422740714e-21,0,2.4260596001602781e-18,36.462138943356443,178.28088531056835,178.28088531056835,-1.3091977677157715e-25,0.0014573353380817576,-0.0014573353380817576,0,0,1.4358940796221301e-17,260,260,0,-3.7431266203935571e-05,0.026229910098132466,-1.2601039626944779e-06,4.8098259322813676e-12,1.0272894206931792e-09
1.6776637289552387e-17,1579,659.62479390542126,-1.778228734981008e-09,-8.3629759094164982e-21,0,2.4192155518958309e-18,35.745516915053386,178.28088531056835,178.28088531056835,-7.1428437672352712e-25,0.0080663371834795144,-0.0080663371834795144,0,0,1.4357422451940932e-17,261,261,0,-3.6896361202243714e-05,0.025118344114472828,-1.147832596556509e-06,4.864606827442607e-12,1.0321540275206218e-09
1.6767958234659351e-17,1585,592.89407292771455,-1.8485581022021764e-09,-8.6790548930368564e-21,0,2.4081223919212913e-18,35.843427925086765,178.28088531056835,178.28088531056835,-1.064544810473442e-24,0.012069486556909649,-0.012069486556909649,0,0,1.4359836907282868e-17,262,262,0,-3.6750555676569542e-05,0.023734933098531613,-1.0777064663051837e-06,4.956210904758506e-12,1.0371102384253804e-09
1.6758707463035653e-17,1591,629.17016491850325,-1.9840706991328938e-09,-9.2507716236968591e-21,0,2.3924922383480692e-18,36.888217476080918,178.28088531056835,178.28088531056835,-1.0653836513830621e-24,0.011958710548267424,-0.011958710548267424,0,0,1.4366216290071234e-17,263,263,0,-3.7120210657433294e-05,0.022150306172049741,-9.8489172991673068e-07,4.9790542460697542e-12,1.0420892926714501e-09
1.6748685015163895e-17,1597,665.9160185971092,-2.1053129488002078e-09,-1.0022447871758617e-20,0,2.3897688858493536e-18,37.342356282478022,178.28088531056835,178.28088531056835,-7.0053983136746384e-25,0.007687018418326144,-0.007687018418326144,0,0,1.4358916829854373e-17,264,264,0,-3.7972017304841427e-05,0.020427400960141558,-8.0739109726543428e-07,5.0286162765957731e-12,1.0471179089480459e-09
1.6738195272411032e-17,1603,724.58448207219169,-2.1323730060936968e-09,-1.0489742752861878e-20,0,2.4172234468387851e-18,37.875536364381205,178.28088531056835,178.28088531056835,-6.3270643103849279e-26,0.00067395514652073701,-0.00067395514652073701,0,0,1.432097188884289e-17,265,265,0,-3.9116502182791007e-05,0.018647833280387854,-5.2788482827286624e-07,5.0642047930131734e-12,1.052182113741059e-09
1.6727968717159238e-17,1609,713.07599480696206,-2.0654384898669413e-09,-1.0226555251795258e-20,0,2.4677685939528824e-18,38.709427864966806,178.28088531056835,178.28088531056835,6.2597686782226492e-25,0.0064823545725263233,0.0064823545725263233,0,0,1.4260199497229487e-17,266,266,0,-4.0235950071538487e-05,0.016918423957991296,-1.8946043768495049e-07,4.989559662352737e-12,1.0571716734034117e-09
1.6718176728972299e-17,1615,658.11954324008718,-1.9846425343672607e-09,-9.7919881869398974e-21,0,2.5147903661955178e-18,38.001808462186681,178.28088531056835,178.28088531056835,1.1221772622264042e-24,0.011390484577037771,0.011390484577037771,0,0,1.4203385240599518e-17,267,267,0,-4.1049514276438085e-05,0.015270168443586914,1.4027380693663872e-07,4.965172536360716e-12,1.0621368459397724e-09
1.6708638172490061e-17,1621,743.21597774199893,-1.9203058376910825e-09,-9.538556482235463e-21,0,2.5438762213996056e-18,36.168406774643209,178.28088531056835,178.28088531056835,1.2307976767849126e-24,0.0123976845636657,0.0123976845636657,0,0,1.4164760720292781e-17,268,268,0,-4.1365172883172833e-05,0.013703833234225332,3.9251166805365454e-07,5.0266798389156025e-12,1.0671635257786881e-09
1.669940146362152e-17,1627,721.46577243593981,-1.8451929452908747e-09,-9.2367088685417829e-21,0,2.5584504887172582e-18,35.408005579430601,178.28088531056835,178.28088531056835,8.9421876727199546e-25,0.0090573405543768297,0.0090573405543768297,0,0,1.4140950080685493e-17,269,269,0,-4.1136926539636526e-05,0.012249000717395786,5.1508738467736592e-07,5.041549564651598e-12,1.0722050753433398e-09
1.6690424735681572e-17,1633,780.6848450958795,-1.7526842246551824e-09,-8.9767279399490347e-21,0,2.5595610691586694e-18,35.245414776320537,178.28088531056835,178.28088531056835,2.296714327231529e-25,0.0023618261553586483,0.0023618261553586483,0,0,1.413086343685147e-17,270,270,0,-4.0517982275787122e-05,0.010888442588496637,4.9584427192465225e-07,5.1585116525445927e-12,1.0773635869958843e-09
1.6681937357915535e-17,1639,737.81242243179497,-1.7008715029732823e-09,-8.4873777660360926e-21,0,2.53708062971794e-18,34.626525544585157,178.28088531056835,178.28088531056835,-4.8819623415546577e-25,0.0051021836690370486,-0.0051021836690370486,0,0,1.4144857216393828e-17,271,271,0,-3.9868242846525589e-05,0.0096845430539615578,3.5947778766309059e-07,5.0859730782451141e-12,1.0824495600741295e-09
1.6673585757200715e-17,1645,718.11454782062162,-1.6988518207291417e-09,-8.3516007148185771e-21,0,2.4933247131271559e-18,34.372196718124393,178.28088531056835,178.28088531056835,-1.0196438850453813e-24,0.010740107907838229,-0.010740107907838229,0,0,1.4180262063717446e-17,272,272,0,-3.9557481397228938e-05,0.0086281052273069446,1.5335552810492422e-07,5.0830958607305412e-12,1.0875326559348601e-09
1.6665388786848333e-17,1651,702.33325583252235,-1.7237771479386204e-09,-8.1969703523813128e-21,0,2.4447899739497384e-18,34.791220462339261,178.28088531056835,178.28088531056835,-1.2000572983850769e-24,0.012555154869220759,-0.012555154869220759,0,0,1.4220600012955894e-17,273,273,0,-3.9826181320386631e-05,0.0077499574507033098,-6.2540969628680609e-08,4.9265417811928023e-12,1.0924591977160529e-09
1.6657317740076509e-17,1657,623.99088495758701,-1.7413860261861537e-09,-8.0710467718264685e-21,0,2.4091877842701234e-18,35.223951519461536,178.28088531056835,178.28088531056835,-1.0042644243214689e-24,0.010290576848522597,-0.010290576848522597,0,0,1.4248130960070809e-17,274,274,0,-4.0662784632326415e-05,0.0070385835816263531,-2.4291437587178128e-07,4.766732165180038e-12,1.097225929881233e-09
1.6649209615927051e-17,1663,587.64208077989758,-1.7350113303279191e-09,-8.1081241494583498e-21,0,2.3959436940230314e-18,35.430954915066941,178.28088531056835,178.28088531056835,-4.8108011532056202e-25,0.0047812831303570107,-0.0047812831303570107,0,0,1.4253266402984135e-17,275,275,0,-4.1923902556113897e-05,0.0064643969259399504,-3.6331521530425864e-07,4.7677004989222966e-12,1.1019936303801553e-09
1.6641190001909508e-17,1669,632.41968379610535,-1.7015719274778844e-09,-8.0196140175430323e-21,0,2.404989448902251e-18,35.65661620959785,178.28088531056835,178.28088531056835,2.3375830290403676e-25,0.0022473385014239061,0.0022473385014239061,0,0,1.4236200319248953e-17,276,276,0,-4.3339840800551077e-05,0.006029006214751078,-4.0916311851490416e-07,4.7756760095926538e-12,1.106769306389748e-09
1.6633176447884772e-17,1675,640.08152301994107,-1.6732748446208261e-09,-8.0135540247364172e-21,0,2.4230388533137687e-18,36.006448225326274,178.28088531056835,178.28088531056835,9.2860347454503554e-25,0.0086739004173122577,0.0086739004173122577,0,0,1.4210136665967527e-17,277,277,0,-4.4607165839883189e-05,0.0057368566187380289,-3.823673064537434e-07,4.8753821012890715e-12,1.1116446884910372e-09
1.6625138800598585e-17,1681,652.79845754815551,-1.6514061347482877e-09,-8.0376472861858955e-21,0,2.4382122980399139e-18,36.158822433035532,178.28088531056835,178.28088531056835,1.3378588171320018e-24,0.012275467824974138,0.012275467824974138,0,0,1.4186925164699854e-17,278,278,0,-4.5410992212519049e-05,0.005614476060910349,-2.939831929889624e-07,4.9704715370322306e-12,1.1166151600280693e-09
1.6617332848439399e-17,1687,614.41577432445717,-1.622137777922888e-09,-7.8059521591849773e-21,0,2.4452824239560899e-18,36.145053609800911,178.28088531056835,178.28088531056835,1.2823308467692334e-24,0.011724049455716959,0.011724049455716959,0,0,1.4172049142152461e-17,279,279,0,-4.5573376460565878e-05,0.0056908504025177647,-1.6560831891134511e-07,4.8902998502686081e-12,1.1215054598783379e-09
1.6609812218558332e-17,1693,558.68413986405665,-1.5723721098629929e-09,-7.5206298810665421e-21,0,2.4465059256032724e-18,36.267114314029172,178.28088531056835,178.28088531056835,7.9932494998796475e-25,0.0073706852837131607,0.0073706852837131607,0,0,1.416330549363011e-17,280,280,0,-4.5186037617269906e-05,0.0059817097655328567,-2.3777881221170296e-08,4.8232106077952236e-12,1.1263286704861331e-09
1.6602690630618323e-17,1699,519.00104924569496,-1.513007413640608e-09,-7.1215879400106244e-21,0,2.4447378108901578e-18,36.263971763455039,178.28088531056835,178.28088531056835,8.3982411798731858e-26,0.0007861904987343382,0.0007861904987343382,0,0,1.4157952735745754e-17,281,281,0,-4.4509150948924947e-05,0.0064948890183684832,9.4508700271172383e-08,4.7258702451240991e-12,1.1310545407312571e-09
1.6595815378887809e-17,1705,529.47501721711535,-1.4567696443120319e-09,-6.875251730515149e-21,0,2.4413469680303514e-18,36.045172687754011,178.28088531056835,178.28088531056835,-6.3902317628754961e-25,0.0060729636795646422,-0.0060729636795646422,0,0,1.4154469049880634e-17,282,282,0,-4.3843446270311253e-05,0.0072484357644832754,1.5288445394476489e-07,4.7494448230171366e-12,1.1358039855542743e-09
1.6589063101462351e-17,1711,575.19722804817013,-1.422758483509997e-09,-6.75227742545581e-21,0,2.4320294449077729e-18,36.050244061874388,178.28088531056835,178.28088531056835,-1.1570432350895214e-24,0.011086832472774156,-0.011086832472774156,0,0,1.4157034813597813e-17,283,283,0,-4.3484137524186326e-05,0.0082521028558588984,1.1919531584210441e-07,4.8270750158839139e-12,1.1406310605701582e-09
1.658226448917817e-17,1717,638.75950279025153,-1.4360606572930452e-09,-6.7986122841812471e-21,0,2.4059814267436106e-18,36.054199321909316,178.28088531056835,178.28088531056835,-1.3101600103347227e-24,0.012508548410749351,-0.012508548410749351,0,0,1.4176284372594569e-17,284,284,0,-4.3642154659368096e-05,0.0094952887705308381,-2.4338833565719445e-08,4.9096603520880318e-12,1.1455407209222463e-09
1.6575162777295743e-17,1723,611.72433015272543,-1.49901191402722e-09,-7.1017118824262693e-21,0,2.3570400591325223e-18,35.591790707182113,178.28088531056835,178.28088531056835,-1.0301223328280139e-24,0.0096784246480624905,-0.0096784246480624905,0,0,1.4218123748285554e-17,285,285,0,-4.4347882458760092e-05,0.010946833014112528,-2.6876662457968148e-07,4.9899128122683681e-12,1.1505306337345146e-09
1.6567734358944485e-17,1729,760.89222400447989,-1.5593347913824974e-09,-7.4284183512579153e-21,0,2.2974059824731585e-18,35.484166755026266,178.28088531056835,178.28088531056835,-3.845466168768514e-25,0.0035286958842599549,-0.0035286958842599549,0,0,1.4270328761017944e-17,286,286,0,-4.5407074536165842e-05,0.012524009917194281,-5.6142901261060618e-07,4.979857879470108e-12,1.1555104916139847e-09
1.6560189964452049e-17,1735,852.46337566509681,-1.5649834557321252e-09,-7.5443944924383924e-21,0,2.2444195899760465e-18,35.883955464349619,178.28088531056835,178.28088531056835,4.2103547331300906e-25,0.0037721875094950605,0.0037721875094950605,0,0,1.4315769953440528e-17,287,287,0,-4.6506555353399991e-05,0.01414571655259745,-8.2677312825284992e-07,4.9381170681142649e-12,1.1604486086820989e-09
1.6552727655364921e-17,1741,831.86875350265257,-1.5360858025941831e-09,-7.4623090871277438e-21,0,2.2005776194684318e-18,35.500846048098481,178.28088531056835,178.28088531056835,1.11295398069085e-24,0.009794174580094489,0.009794174580094489,0,0,1.4352148922942509e-17,288,288,0,-4.734761684056061e-05,0.015756878389600472,-1.0042901850648924e-06,4.9322794537965564e-12,1.1653808881358955e-09
1.6545417386984707e-17,1747,798.07423410889157,-1.5122256002223032e-09,-7.310268380214621e-21,0,2.1635607864493895e-18,34.820117883769029,178.28088531056835,178.28088531056835,1.4329983748608034e-24,0.012515758807552013,0.012515758807552013,0,0,1.4381855167536943e-17,289,289,0,-4.7706468730624769e-05,0.01729804081972753,-1.0668937518376696e-06,4.9196905482165396e-12,1.1703005786841121e-09
1.6538286928932343e-17,1753,806.06506019847939,-1.4870382967962403e-09,-7.1304580523616825e-21,0,2.1388763159868992e-18,35.251864109278991,178.28088531056835,178.28088531056835,1.2634165441261566e-24,0.01107988325413119,0.01107988325413119,0,0,1.4399409349528901e-17,290,290,0,-4.7511652242100485e-05,0.018715343883391893,-1.0301003952882821e-06,4.8676636095587686e-12,1.1751682422936709e-09
1.6531398964919288e-17,1759,767.44477026454797,-1.4526542529927081e-09,-6.8879640130552018e-21,0,2.1290013392023009e-18,35.669113557529556,178.28088531056835,178.28088531056835,6.8648146143109143e-25,0.0061030177991011729,0.0061030177991011729,0,0,1.4402396939235526e-17,291,291,0,-4.6867623801603915e-05,0.019980767419333401,-9.3976046820762953e-07,4.7943452077404312e-12,1.1799625875014113e-09
1.6524637325079741e-17,1765,730.20384604064839,-1.4278124646594859e-09,-6.7616398395497475e-21,0,2.1283711965549902e-18,34.960658209827933,178.28088531056835,178.28088531056835,-9.3168396681016698e-26,0.0008442282158099806,-0.0008442282158099806,0,0,1.4396266221693145e-17,292,292,0,-4.5983022785472372e-05,0.021105231403819893,-8.406655096284097e-07,4.8111143225751032e-12,1.1847737018239864e-09
1.6517822632653179e-17,1771,765.47855226590343,-1.4123270883597737e-09,-6.81469242656158e-21,0,2.1358798536871738e-18,34.319136397405146,178.28088531056835,178.28088531056835,-8.2870560241294986e-25,0.0076519636444146895,-0.0076519636444146895,0,0,1.4381943607671608e-17,293,293,0,-4.5124887813335906e-05,0.022096014431106089,-7.6114780429969263e-07,4.9209964102417336e-12,1.1896946982342282e-09
1.6511030136588741e-17,1777,737.84934261843819,-1.376808042590018e-09,-6.7924960644354019e-21,0,2.157955778523385e-18,34.691202954681657,178.28088531056835,178.28088531056835,-1.2765081675611907e-24,0.011928138221159635,-0.011928138221159635,0,0,1.4353075634573526e-17,294,294,0,-4.4590228021206956e-05,0.022933287113660706,-7.0883223221046135e-07,4.9925704889368069e-12,1.194687268723165e-09
1.6504522500860945e-17,1783,681.29659261524228,-1.310620061613105e-09,-6.5076357277957687e-21,0,2.1952366019154714e-18,35.078740769902737,178.28088531056835,178.28088531056835,-1.2943018788093849e-24,0.012099855949386014,-0.012099855949386014,0,0,1.4309287193247355e-17,295,295,0,-4.4570154534109557e-05,0.023598161912414092,-6.6276249386175854e-07,4.9707651608440226e-12,1.1996580338840091e-09
1.6498507123889089e-17,1789,702.74327777195413,-1.258924252019379e-09,-6.0153769718565476e-21,0,2.2335634983601249e-18,34.568286044584319,178.28088531056835,178.28088531056835,-8.9877711599859493e-25,0.0083129060324508269,-0.0083129060324508269,0,0,1.426494452430608e-17,296,296,0,-4.5049284033474205e-05,0.024082548404161762,-5.8104266225707152e-07,4.8133252952150261e-12,1.2044713591792242e-09
1.6492634594855532e-17,1795,617.40750475363348,-1.2582650176545405e-09,-5.8725290335584647e-21,0,2.261075943033283e-18,33.48245638634949,178.28088531056835,178.28088531056835,-2.0621208756893033e-25,0.0018727773747724587,-0.0018727773747724587,0,0,1.4231558858034336e-17,297,297,0,-4.5879293668856843e-05,0.024412911810834416,-4.222575903456406e-07,4.8019201626605436e-12,1.2092732793418848e-09
1.6486624653414906e-17,1801,626.27002739154659,-1.2913585813295208e-09,-6.0099414406247091e-21,0,2.2783987511685175e-18,32.8874763862785,178.28088531056835,178.28088531056835,5.8582915663975928e-25,0.005212948839846963,0.005212948839846963,0,0,1.4208225316417233e-17,298,298,0,-4.6824837425549828e-05,0.024597665156493382,-1.7278259707572944e-07,4.836197013841133e-12,1.214109476355726e-09
1.6480441362586024e-17,1807,618.94175797646983,-1.307429143190738e-09,-6.183290828880955e-21,0,2.2945993072497907e-18,32.77929282086869,178.28088531056835,178.28088531056835,1.2147902566030634e-24,0.010633222681054251,0.010633222681054251,0,0,1.4185840840545977e-17,299,299,0,-4.7601994437690207e-05,0.024639240685957863,1.3727957948107967e-07,4.8666887035419234e-12,1.2189761650592679e-09
1.647424544319448e-17,1813,548.70947431561206,-1.2859242675730943e-09,-6.1959193915474745e-21,0,2.3139933148253178e-18,32.375665644871965,178.28088531056835,178.28088531056835,1.4467418303762495e-24,0.012563483555517493,0.012563483555517493,0,0,1.4160250681627332e-17,300,300,0,-4.7981047081875928e-05,0.024533086875689569,4.4257297345012984e-07,4.8876067622235332e-12,1.2238637718214914e-09
1.6468275030577169e-17,1819,555.8197818627184,-1.2359026795335024e-09,-5.9704126173079543e-21,0,2.3360164353532072e-18,32.632927791418354,178.28088531056835,178.28088531056835,1.1920177563144069e-24,0.010373359421800114,0.010373359421800114,0,0,1.4132257403206207e-17,301,301,0,-4.7879770181939628e-05,0.024271947856982196,6.6683003526293154e-07,4.8441570921299373e-12,1.2287079289136214e-09
1.6462672664126677e-17,1825,559.1206675699907,-1.1647290282217523e-09,-5.6023664504921728e-21,0,2.3603140875181133e-18,34.358746148138977,178.28088531056835,178.28088531056835,5.5756763902667468e-25,0.0049013609190743396,0.0049013609190743396,0,0,1.4102358019040925e-17,302,302,0,-4.7399049657906095e-05,0.023851402658235731,7.5873240004490984e-07,4.7779105257289829e-12,1.2334858394393503e-09
1.6457373002332174e-17,1831,567.52676399205438,-1.0954740917409655e-09,-5.2996617945051882e-21,0,2.3814852422551792e-18,36.378409914931602,178.28088531056835,178.28088531056835,-2.4549893436957986e-25,0.0021884578767927183,-0.0021884578767927183,0,0,1.4075888005575928e-17,303,303,0,-4.6741234427498035e-05,0.02325301678853562,7.0542911361239328e-07,4.8225392596620703e-12,1.2383083786990125e-09
1.6452218834357965e-17,1837,555.53053220751065,-1.0708723352904196e-09,-5.1541679742073682e-21,0,2.3875693356032807e-18,37.770430743920528,178.28088531056835,178.28088531056835,-9.6227149663840788e-25,0.0086857551299322471,-0.0086857551299322471,0,0,1.4064650461026181e-17,304,304,0,-4.6161381588041161e-05,0.022454682749523558,5.3324887826644194e-07,4.9261850256748542e-12,1.2432345637246873e-09
1.6447098981354137e-17,1843,588.30801833517887,-1.1144152703939807e-09,-5.1198530038289316e-21,0,2.3716345492780822e-18,38.401367927459937,178.28088531056835,178.28088531056835,-1.3482191420475852e-24,0.012234379187710037,-0.012234379187710037,0,0,1.4075465780295197e-17,305,305,0,-4.5916345017111552e-05,0.02148850480364432,3.2387356866399688e-07,4.8356872388529444e-12,1.2480702509635402e-09
1.6441740567277621e-17,1849,667.81146225726354,-1.1924375314895149e-09,-5.3584140765176329e-21,0,2.3418440801965324e-18,38.462171521176636,178.28088531056835,178.28088531056835,-1.3121361930508715e-24,0.01185432562957299,-0.01185432562957299,0,0,1.4099897799217281e-17,306,306,0,-4.6120161606483165e-05,0.020370387123422911,1.6295284967502086e-07,4.7631148353233326e-12,1.2528333657988634e-09
1.6435949315993476e-17,1855,626.18078121673102,-1.2641067573017785e-09,-5.7912512841428328e-21,0,2.310046152234523e-18,38.3320405171388,178.28088531056835,178.28088531056835,-8.621873825742416e-25,0.0076811498799459138,-0.0076811498799459138,0,0,1.4125904025946335e-17,307,307,0,-4.6769656673073773e-05,0.019093251312125737,1.0530570959606849e-07,4.8158028136185834e-12,1.257649168612482e-09
1.6429832231622666e-17,1861,560.31743173278892,-1.3028261617739099e-09,-6.1170843708095257e-21,0,2.2849886618100326e-18,37.647628412110429,178.28088531056835,178.28088531056835,-1.1099280293303341e-25,0.00096908361164393692,-0.00096908361164393692,0,0,1.4144843680805436e-17,308,308,0,-4.7722405648439503e-05,0.01768916155659718,1.6618065211366532e-07,4.8621058453727482e-12,1.2625112744578547e-09
1.6423552112639204e-17,1867,616.34430553440188,-1.2973399075964783e-09,-6.280118983464234e-21,0,2.2699750564254107e-18,36.081260871037806,178.28088531056835,178.28088531056835,7.1880941962663932e-25,0.0061465071634601307,0.0061465071634601307,0,0,1.415357633740437e-17,309,309,0,-4.8727499517947435e-05,0.016196619090598111,3.1425313491092918e-07,4.9277588710019862e-12,1.2674390333288566e-09
1.6417466570461789e-17,1873,659.07939075911952,-1.2480106773819153e-09,-6.0855421774127691e-21,0,2.2641203172638632e-18,34.911214399771751,178.28088531056835,178.28088531056835,1.3256554182464874e-24,0.011162164691821113,0.011162164691821113,0,0,1.4153344927542508e-17,310,310,0,-4.9484704760961859e-05,0.014704140910155206,4.8359858265612279e-07,4.8789510794692275e-12,1.2723179844083258e-09
1.6411653652092821e-17,1879,595.30921166794406,-1.1808562935290724e-09,-5.8129183689672148e-21,0,2.2606471075370759e-18,34.668817194203598,178.28088531056835,178.28088531056835,1.4932679105068189e-24,0.012493268164873393,0.012493268164873393,0,0,1.4151005051287835e-17,311,311,0,-4.9802417950273181e-05,0.013245812156455558,6.105697958445065e-07,4.9017736159875628e-12,1.2772197580243135e-09
1.6406164418050764e-17,1885,544.26672599363178,-1.1247612052520715e-09,-5.4892340420588562e-21,0,2.2547039086056636e-18,34.400015277758207,178.28088531056835,178.28088531056835,1.1526419033513416e-24,0.0096807541646124068,0.0096807541646124068,0,0,1.4151459356803196e-17,312,312,0,-4.9610541860998299e-05,0.011885832094968775,6.4185407280466584e-07,4.8873880737856083e-12,1.282107146098099e-09
1.6400797843331119e-17,1891,575.28795753064185,-1.0881339371856522e-09,-5.3665747196463827e-21,0,2.2487743234992985e-18,34.166734927143729,178.28088531056835,178.28088531056835,4.1325934258388677e-25,0.0035148359774643959,0.0035148359774643959,0,0,1.4152023106572476e-17,313,313,0,-4.8989879996447512e-05,0.010641404558689236,5.3973979596287491e-07,4.9919174070653153e-12,1.2870990635051644e-09
1.6395476036726425e-17,1897,556.79237147566482,-1.0682233040976376e-09,-5.3218066046923196e-21,0,2.249737633624669e-18,34.5215784097959,178.28088531056835,178.28088531056835,-4.625132589619054e-25,0.0040008763366459433,-0.0040008763366459433,0,0,1.4145738865615016e-17,314,314,0,-4.8167911648734782e-05,0.0095575730329637374,2.8218142960560119e-07,5.0887960873504124e-12,1.2921878595925147e-09
1.6390259849439779e-17,1903,549.46320589585616,-1.061566920731225e-09,-5.2161872866447759e-21,0,2.2611037942855534e-18,35.096109985308026,178.28088531056835,178.28088531056835,-1.1449924075736061e-24,0.010046316382275454,-0.010046316382275454,0,0,1.4129157200146635e-17,315,315,0,-4.7488069424495724e-05,0.0086811420235295821,-1.1000067082825505e-07,5.0458553995821533e-12,1.2972337149920969e-09
1.6385155772713964e-17,1909,617.04022256108738,-1.0659828665730462e-09,-5.1040767258171245e-21,0,2.279499305425155e-18,35.688594988240204,178.28088531056835,178.28088531056835,-1.4219729829552713e-24,0.012546938879956962,-0.012546938879956962,0,0,1.4105657889261792e-17,316,316,0,-4.7221776448084661e-05,0.0080136324507876795,-5.8004044957256456e-07,4.9319686236223695e-12,1.3021656836157192e-09
1.6380068613856484e-17,1915,549.15577077902549,-1.075624578892986e-09,-5.0871588574778063e-21,0,2.3004360151263808e-18,36.486544293961366,178.28088531056835,178.28088531056835,-1.2379103462432147e-24,0.010868200892688454,-0.010868200892688454,0,0,1.4079633836640452e-17,317,317,0,-4.7459186915494503e-05,0.0075294308377714704,-1.0661397576715779e-06,4.8712793311921039e-12,1.3070369629469113e-09
1.6374947983166499e-17,1921,500.50330030269566,-1.0749976149852422e-09,-5.120630689985199e-21,0,2.3230412123636636e-18,37.422252504875587,178.28088531056835,178.28088531056835,-6.4802094118191968e-25,0.0056108069779531458,-0.0056108069779531458,0,0,1.4051907418823779e-17,318,318,0,-4.8122975278484326e-05,0.0072079598436695447,-1.5088747787047639e-06,4.8754707633087145e-12,1.3119124337102201e-09
1.6369905318094984e-17,1927,528.87829904859473,-1.0501245481210275e-09,-5.0426650715165634e-21,0,2.3473100851039041e-18,38.143767270547947,178.28088531056835,178.28088531056835,1.7167051880545295e-25,0.0014602987770624143,0.0014602987770624143,0,0,1.4022595061320561e-17,319,319,0,-4.8982704059711349e-05,0.0070384294975968497,-1.851522374416733e-06,4.8526600294845521e-12,1.3167650937397047e-09
1.636496054866124e-17,1933,516.2421883208051,-9.9980474445319075e-10,-4.944769433745748e-21,0,2.3702987725792628e-18,38.645082820143841,178.28088531056835,178.28088531056835,9.7507051819103647e-25,0.0081662589952239614,0.0081662589952239614,0,0,1.3994660801011458e-17,320,320,0,-4.9750979342811433e-05,0.0070092112908396184,-2.0616129795653556e-06,4.9498641223686573e-12,1.3217149578620733e-09
1.636013768300683e-17,1939,478.24190297092292,-9.4647726566586193e-10,-4.8228656544077965e-21,0,2.381660151544335e-18,39.12190375457935,178.28088531056835,178.28088531056835,1.4637254091916552e-24,0.012168761162647352,0.012168761162647352,0,0,1.3978476067737085e-17,321,321,0,-5.0118954510778811e-05,0.0071233962148600383,-2.1081627832672501e-06,5.1196184578427056e-12,1.326834576319916e-09
1.6355410817440081e-17,1945,430.94043532139898,-9.2069053779352888e-10,-4.7268655667463362e-21,0,2.3691436310053813e-18,38.884080102966067,178.28088531056835,178.28088531056835,1.39903433883695e-24,0.01169004223811753,0.01169004223811753,0,0,1.3986265787400364e-17,322,322,0,-4.9865600366676225e-05,0.0073894449016410424,-1.9727558580513414e-06,5.2595748846587965e-12,1.3320941512045749e-09
1.6350694559951947e-17,1951,493.23664520636237,-9.2589954686016192e-10,-4.7162574881353275e-21,0,2.3317213255301974e-18,37.574711292793744,178.28088531056835,178.28088531056835,7.8816773737856573e-25,0.0066987151544953593,0.0066987151544953593,0,0,1.4018972446254014e-17,323,323,0,-4.9024807942009841e-05,0.0078127838949593655,-1.6714034308596365e-06,5.3016233147387394e-12,1.3373957745193136e-09
1.6346068345257128e-17,1957,428.67601001377659,-9.3790518273493637e-10,-4.6262146948172339e-21,0,2.2820680228293979e-18,36.181935025876392,178.28088531056835,178.28088531056835,-7.1629088666198547e-26,0.00062264115451352844,-0.00062264115451352844,0,0,1.4064000394056821e-17,324,324,0,-4.7933634637808428e-05,0.0083811428679769848,-1.2659415532096319e-06,5.1247029844518106e-12,1.3425204775037655e-09
1.6341465986936494e-17,1963,431.76377086914647,-9.4292241901065529e-10,-4.6023583206376863e-21,0,2.2302976079522184e-18,34.64590892928738,178.28088531056835,178.28088531056835,-8.5804394354910006e-25,0.0076127697299896661,-0.0076127697299896661,0,0,1.4111169237028217e-17,325,325,0,-4.6962974382846925e-05,0.0091077381172127367,-8.1355360539471807e-07,5.0360705858507989e-12,1.3475565480896162e-09
1.6336842931607158e-17,1969,453.69939579495912,-9.3615119766875077e-10,-4.6230553293367738e-21,0,2.1822148356411842e-18,32.922972974758991,178.28088531056835,178.28088531056835,-1.3310023537397718e-24,0.011947191804583486,-0.011947191804583486,0,0,1.4154629426968327e-17,326,326,0,-4.6419637612771864e-05,0.010020080006140514,-3.6312879222720463e-07,5.0661217461040007e-12,1.3526226698357202e-09
1.6332271505107093e-17,1975,468.13401314061417,-9.2554156790324186e-10,-4.5714265000627178e-21,0,2.1410148966958911e-18,32.37456756994078,178.28088531056835,178.28088531056835,-1.3441820607760216e-24,0.012045338789598582,-0.012045338789598582,0,0,1.4191257952593264e-17,327,327,0,-4.6497310572952656e-05,0.011117741851164851,3.2609811780251521e-08,5.0610758294203164e-12,1.3576837456651405e-09
1.6327655209110314e-17,1981,520.3770406657145,-9.2306464680125685e-10,-4.6162959967801807e-21,0,2.1064797146063074e-18,32.777469839986381,178.28088531056835,178.28088531056835,-8.7886199551430619e-25,0.0077601018115028286,-0.0077601018115028286,0,0,1.4221176373366001e-17,328,328,0,-4.718913579054798e-05,0.012421098121446983,3.4875723299734093e-07,5.1618781471950765e-12,1.3628456238123357e-09
1.6322987529099274e-17,1987,564.16030875529862,-9.3942359838087621e-10,-4.6676800110398652e-21,0,2.0786199742290387e-18,32.933583825316539,178.28088531056835,178.28088531056835,-6.8415351534642183e-26,0.00059075215540114502,-0.00059075215540114502,0,0,1.4244367623285587e-17,329,329,0,-4.8254409589776771e-05,0.013892202660779299,5.7306343799284755e-07,5.1814960800227758e-12,1.3680271198923584e-09
1.6318238564842792e-17,1993,563.08711251189823,-9.6944654239337627e-10,-4.7489642564816351e-21,0,2.0584562797640479e-18,33.323319095570447,178.28088531056835,178.28088531056835,7.9591003521148593e-25,0.0067281301188854828,0.0067281301188854828,0,0,1.4259781489168709e-17,330,330,0,-4.9289947649367772e-05,0.01546496370606577,7.2659872347593287e-07,5.1266164989109087e-12,1.3731537363912693e-09
1.6313362472630781e-17,1999,501.72079568203338,-9.8911308106766991e-10,-4.8760922120110462e-21,0,2.0489086446854074e-18,33.957514507631188,178.28088531056835,178.28088531056835,1.3898382985631559e-24,0.011596132467354858,0.011596132467354858,0,0,1.4264452438107076e-17,331,331,0,-4.9939002740631504e-05,0.017088599569799939,8.4180192463746305e-07,5.1119894336133521e-12,1.3782657258248826e-09
1.6308502034001918e-17,2005,493.73528438803191,-9.8324605076268438e-10,-4.8604386288631474e-21,0,2.0506242361488557e-18,34.152467569263976,178.28088531056835,178.28088531056835,1.4756059623107404e-24,0.012296307734173858,0.012296307734173858,0,0,1.4257876322247102e-17,332,332,0,-5.0001661549247801e-05,0.018679744639707924,9.2780592640086982e-07,5.0529838176484589e-12,1.383318709642531e-09
1.6303830187285916e-17,2011,500.95122502174081,-9.5916390718995049e-10,-4.6718467160017009e-21,0,2.0603770544278864e-18,34.325300729906012,178.28088531056835,178.28088531056835,1.0448459633631843e-24,0.0087910881117241376,0.0087910881117241376,0,0,1.4243452088012066e-17,333,333,0,-4.9522024941795195e-05,0.020153268903171942,9.6743468866407054e-07,4.9279686018809114e-12,1.3882466782444119e-09
1.6299400649048105e-17,2017,492.60664609398737,-9.232535924242615e-10,-4.4295382378091519e-21,0,2.076780467762818e-18,34.634799661247868,178.28088531056835,178.28088531056835,2.9129279583060181e-25,0.0024912117937823785,0.0024912117937823785,0,0,1.4222619889992493e-17,334,334,0,-4.8720064093150818e-05,0.021461037832466719,9.3825038116732689e-07,4.8184809215031194e-12,1.3930651591659149e-09
1.629518037445781e-17,2023,448.52396323921562,-8.828400033983325e-10,-4.2202745902977672e-21,0,2.0998581233900937e-18,34.686074314710076,178.28088531056835,178.28088531056835,-5.2500619613070631e-25,0.0045699968073639272,-0.0045699968073639272,0,0,1.4195322776073912e-17,335,335,0,-4.7867119156063225e-05,0.022580551606700017,8.304496959812544e-07,4.7894725246024537e-12,1.3978546316905173e-09
1.6291188335152872e-17,2029,520.40674549955349,-8.4482101549008627e-10,-3.992039304936374e-21,0,2.1289792776489793e-18,34.926019635152578,178.28088531056835,178.28088531056835,-1.1487896066253925e-24,0.010133831804357439,-0.010133831804357439,0,0,1.4162210206293501e-17,336,336,0,-4.7234091243542109e-05,0.023472637509994752,6.6159555579809119e-07,4.7401157599313673e-12,1.4025947474504487e-09
1.6287378054209036e-17,2035,509.58124958341455,-8.1200456107530578e-10,-3.810280943835013e-21,0,2.1624730117413841e-18,35.709504857324291,178.28088531056835,178.28088531056835,-1.4140355642568959e-24,0.012536220962109901,-0.012536220962109901,0,0,1.4124906456503219e-17,337,337,0,-4.6998332821906854e-05,0.024120968998803633,4.7699761236034345e-07,4.7196198401982001e-12,1.4073143672906468e-09
1.6283644133607839e-17,2041,430.80480275350692,-7.8238201366423558e-10,-3.7339206011986179e-21,0,2.1976119087317373e-18,36.191537278633596,178.28088531056835,178.28088531056835,-1.2458929917159775e-24,0.010992487418537977,-0.010992487418537977,0,0,1.4086033470769094e-17,338,338,0,-4.7225169346695767e-05,0.024522012732356911,3.3744638612515093e-07,4.8178085986423786e-12,1.4121321758892893e-09
1.6279988645687457e-17,2047,456.00078577287326,-7.5749061424319507e-10,-3.6554879203825853e-21,0,2.2287466934193782e-18,35.902678885332826,178.28088531056835,178.28088531056835,-6.6711248545053422e-25,0.0058086785113051738,-0.0058086785113051738,0,0,1.4051242619380564e-17,339,339,0,-4.7853145093830923e-05,0.024661981790409657,3.0871832710179663e-07,4.8953472057581777e-12,1.4170275230950476e-09
1.6276403933528625e-17,2053,458.96003631779996,-7.4285369549447874e-10,-3.5847121588297751e-21,0,2.250586160341255e-18,35.665992316889309,178.28088531056835,178.28088531056835,1.5973019040274393e-25,0.0013674619806318194,0.0013674619806318194,0,0,1.4025817613457181e-17,340,340,0,-4.8669905959954487e-05,0.024549663164738108,4.2330767091701091e-07,4.9384491558794432e-12,1.421965972250927e-09
1.6272856202626614e-17,2059,474.19290037697732,-7.3942146352990238e-10,-3.5477309020133019e-21,0,2.2625147662958447e-18,35.78975124194281,178.28088531056835,178.28088531056835,9.5834137876700464e-25,0.0080880267407892337,0.0080880267407892337,0,0,1.4010340477989391e-17,341,341,0,-4.9370374334479372e-05,0.024214952731068815,6.5615351900585365e-07,4.9437703931055262e-12,1.4269097426440326e-09
1.626924210547846e-17,2065,485.11704518354588,-7.3785573098215009e-10,-3.6140971481523678e-21,0,2.269105765019449e-18,35.664322101016943,178.28088531056835,178.28088531056835,1.4446367799946069e-24,0.012117987022174198,0.012117987022174198,0,0,1.4000134895822234e-17,342,342,0,-4.9672605735852077e-05,0.023681783787098232,9.351770388571337e-07,5.0563781379112857e-12,1.431966120781944e-09
1.6265578902305688e-17,2071,496.53325862117231,-7.3440883503190987e-10,-3.6632031727719139e-21,0,2.2735423181876468e-18,35.24724337198267,178.28088531056835,178.28088531056835,1.400438748546087e-24,0.011816627822804257,0.011816627822804257,0,0,1.3992035183679292e-17,343,343,0,-4.9380936251664533e-05,0.022977817784748687,1.1451578102802039e-06,5.1525503099877584e-12,1.4371186710919317e-09
1.6261926389657965e-17,2077,491.58075586385615,-7.3698070653342733e-10,-3.6525126477239993e-21,0,2.2742229955215108e-18,35.209591392712106,178.28088531056835,178.28088531056835,8.376358114529013e-25,0.0071918096971321744,0.0071918096971321744,0,0,1.3987702556500644e-17,344,344,0,-4.8529498990805201e-05,0.022143098588186708,1.1721859895778714e-06,5.1457749021302585e-12,1.442264445994062e-09
1.6258198794749311e-17,2083,466.99086638109674,-7.5550743954383831e-10,-3.7275949086542761e-21,0,2.2671786138024168e-18,35.643425898597329,178.28088531056835,178.28088531056835,-1.2609543052283749e-26,0.00011094203862440781,-0.00011094203862440781,0,0,1.3991020193556435e-17,345,345,0,-4.7357848629103974e-05,0.021191346599447002,9.6000149945638744e-07,5.1779285105171708e-12,1.4474423745045792e-09
1.6254405611721882e-17,2089,432.25304592615487,-7.8393784703170106e-10,-3.7931830274307979e-21,0,2.2516861574857483e-18,35.756679506461566,178.28088531056835,178.28088531056835,-8.0605692248451344e-25,0.0072627824416802789,-0.0072627824416802789,0,0,1.4002720260293056e-17,346,346,0,-4.6243578646670406e-05,0.020159677374280066,5.326457222971537e-07,5.0878530662097351e-12,1.4525302275707891e-09
1.6250490488633017e-17,2095,488.54802313455741,-8.0634269935189247e-10,-3.915123088862646e-21,0,2.2306230391583726e-18,35.541765055799083,178.28088531056835,178.28088531056835,-1.2886374889616927e-24,0.011804993835436354,-0.011804993835436354,0,0,1.4019868738112134e-17,347,347,0,-4.548348728959138e-05,0.019046961585865791,-3.6227367094743387e-08,5.0652357967689262e-12,1.457595463367558e-09
1.6246430954194519e-17,2101,517.17714084797115,-8.0903199196110732e-10,-4.0595344384975867e-21,0,2.2069659552850003e-18,35.84780117704814,178.28088531056835,178.28088531056835,-1.3163397149154726e-24,0.012119334441557033,-0.012119334441557033,0,0,1.4039466315249234e-17,348,348,0,-4.5256188271651045e-05,0.017833269553512533,-6.5748699107101406e-07,5.1718628425490771e-12,1.462767326210107e-09
1.6242389650888128e-17,2107,588.48560100204418,-7.9619821261300275e-10,-4.0413033063899319e-21,0,2.1817228553523602e-18,36.283552934475594,178.28088531056835,178.28088531056835,-8.6864028070356338e-25,0.0079397306872495462,-0.0079397306872495462,0,0,1.406066766417605e-17,349,349,0,-4.5585104148971536e-05,0.016552678666917807,-1.214710886101628e-06,5.1881124136193224e-12,1.4679554386237263e-09
1.6238375979269608e-17,2113,538.57512572836458,-7.7752556665332921e-10,-4.0136716185206981e-21,0,2.1555777452283699e-18,36.186013708027467,178.28088531056835,178.28088531056835,-7.68153783919694e-26,0.00069137247474530784,-0.00069137247474530784,0,0,1.4082798310856619e-17,350,350,0,-4.6294014923153446e-05,0.015211753143511135,-1.6367402758191747e-06,5.2676793656109141e-12,1.4732231179893372e-09
1.6234501297286333e-17,2119,475.81299987478712,-7.6125403954790882e-10,-3.8746819832753948e-21,0,2.1326220798698596e-18,36.289205885221925,178.28088531056835,178.28088531056835,7.6106400337431103e-25,0.0067411524168623539,0.0067411524168623539,0,0,1.410187845635247e-17,351,351,0,-4.7040918495347722e-05,0.013880101132562651,-1.8809634594574755e-06,5.2040580102276161e-12,1.4784271759995648e-09
1.6230774049293926e-17,2125,491.2033793247216,-7.5019173143453976e-10,-3.7272479924068255e-21,0,2.1173945843123323e-18,36.664660698141411,178.28088531056835,178.28088531056835,1.3207974724873069e-24,0.011589188423568665,0.011589188423568665,0,0,1.4113378144184122e-17,352,352,0,-4.7486697091255338e-05,0.012611122869647832,-1.9594980409681495e-06,5.0897147970552504e-12,1.4835168907966201e-09
1.6227174672561638e-17,2131,487.11964223219599,-7.3886684408216573e-10,-3.5993767322891165e-21,0,2.1135304713505318e-18,36.680210270911985,178.28088531056835,178.28088531056835,1.4028267956931595e-24,0.01232228496780473,0.01232228496780473,0,0,1.4113642798384311e-17,353,353,0,-4.7435290321527671e-05,0.011442249512642616,-1.9084216799528864e-06,4.9789010458352853e-12,1.4884957918424553e-09
1.6223670605709858e-17,2137,506.62391444292814,-7.1959111727872273e-10,-3.5040668517800374e-21,0,2.1222436081203922e-18,36.33520934991418,178.28088531056835,178.28088531056835,9.9735394243599654e-25,0.0088661648497674345,0.0088661648497674345,0,0,1.4101426000235525e-17,354,354,0,-4.6870789086716253e-05,0.010389272857018439,-1.7653756316104531e-06,4.9437182781873536e-12,1.4934395101206427e-09
1.6220294511469742e-17,2143,489.69749030330246,-6.8971828922862182e-10,-3.3760942401163591e-21,0,2.1414493719710353e-18,35.598531111295046,178.28088531056835,178.28088531056835,2.673599262915861e-25,0.0024244861673930729,0.0024244861673930729,0,0,1.4078844872138778e-17,355,355,0,-4.5947867546733473e-05,0.0094760302423467502,-1.5636267843978204e-06,4.9341613999726877e-12,1.4983736715206153e-09
1.6217115353024022e-17,2149,466.60884812215426,-6.5509659026767932e-10,-3.1791584457181031e-21,0,2.1659679764390814e-18,34.717749220353042,178.28088531056835,178.28088531056835,-5.1322452617929245e-25,0.004755835553353435,-0.004755835553353435,0,0,1.4051147889809467e-17,356,356,0,-4.4964454757872349e-05,0.0087314334662807677,-1.3323608893821985e-06,4.8775216365754299e-12,1.5032511931571907e-09
1.6214098867769193e-17,2155,392.3518063778057,-6.2810558311360137e-10,-3.0164852548299333e-21,0,2.1902360057025228e-18,34.446918862764818,178.28088531056835,178.28088531056835,-1.0993966108028437e-24,0.010357027136034827,-0.010357027136034827,0,0,1.4023863961463282e-17,357,357,0,-4.4229093460033962e-05,0.0081600649519871348,-1.0866135709300458e-06,4.8637270248931921e-12,1.5081149201820838e-09
1.6211142281652e-17,2161,349.23956158014869,-6.20413968909542e-10,-2.9565861171921711e-21,0,2.2098003924493867e-18,34.690835787204804,178.28088531056835,178.28088531056835,-1.326339751850853e-24,0.012564865762614407,-0.012564865762614407,0,0,1.4001343215542365e-17,358,358,0,-4.3983085351831589e-05,0.0077620357745163265,-8.3616446931849477e-07,4.9133379080557457e-12,1.5130282580901396e-09
1.6208167211338615e-17,2167,392.89333397332342,-6.328133253802805e-10,-2.9750703133855088e-21,0,2.2224412367314201e-18,34.94826130585453,178.28088531056835,178.28088531056835,-1.124269990060184e-24,0.010566526887145603,-0.010566526887145603,0,0,1.3985727098877186e-17,359,359,0,-4.4332999309493853e-05,0.0075408133510462506,-6.0242229012611761e-07,4.9204583123750909e-12,1.5179487164025148e-09
1.6205092289723497e-17,2173,422.22246017373226,-6.517495229018417e-10,-3.074921615118399e-21,0,2.2298281488867735e-18,35.658162132427776,178.28088531056835,178.28088531056835,-5.4150743497814678e-25,0.0049921744914626452,-0.0049921744914626452,0,0,1.3975264682344159e-17,360,360,0,-4.5196356476244206e-05,0.0074876601800283509,-4.0704145643391408e-07,4.9449549597871326e-12,1.5228936713623019e-09
1.6201885984780615e-17,2179,438.64502479533991,-6.5936120512190551e-10,-3.2063049428829031e-21,0,2.2353873262534966e-18,36.891574182308965,178.28088531056835,178.28088531056835,2.692153790796376e-25,0.0024202697885211872,0.0024202697885211872,0,0,1.3966498389311739e-17,361,361,0,-4.6347343237763273e-05,0.0075947775215375393,-2.6034204925132752e-07,5.0455822874150517e-12,1.5279392536497169e-09
1.6198682621601574e-17,2185,437.05265810120926,-6.4727522505289426e-10,-3.203363179039299e-21,0,2.2410018874577657e-18,37.58053946366185,178.28088531056835,178.28088531056835,1.0237188513591794e-24,0.0089936969602915362,0.0089936969602915362,0,0,1.3957679710424959e-17,362,362,0,-4.7427606609659271e-05,0.007851813323606887,-1.5881351694890025e-07,5.0578575182197659e-12,1.5329971111679366e-09
1.6195618607973652e-17,2191,414.86110648095587,-6.2184938532205039e-10,-3.0640136279231112e-21,0,2.2456770320372341e-18,37.351994006735843,178.28088531056835,178.28088531056835,1.4284879935753777e-24,0.012369069570116079,0.012369069570116079,0,0,1.3949940147448425e-17,363,363,0,-4.8120299371176713e-05,0.0082399113220306928,-8.121482960668194e-08,4.9902570215118933e-12,1.5379873681894485e-09
1.6192698583905412e-17,2197,387.60213200915069,-6.0017761387048685e-10,-2.9200240682393055e-21,0,2.2459138722481759e-18,36.825207970569288,178.28088531056835,178.28088531056835,1.3337493982833142e-24,0.011506334754768418,0.011506334754768418,0,0,1.3946783377907839e-17,364,364,0,-4.829764888610691e-05,0.0087479496242023197,-2.9773431266282084e-09,4.9515943748538976e-12,1.5429389625643025e-09
1.6189830461286988e-17,2203,372.84553461025854,-5.9062523009026299e-10,-2.8681226184247545e-21,0,2.2396494804170489e-18,36.437222929350554,178.28088531056835,178.28088531056835,7.6940411294284835e-25,0.0066761674978216305,0.0066761674978216305,0,0,1.3950180211465825e-17,365,365,0,-4.8019323536086209e-05,0.0093812813082617547,9.1854093622299241e-08,5.0008802902365083e-12,1.5479398428545389e-09
1.6186973386906847e-17,2209,363.58419137907089,-5.9018517240540399e-10,-2.8570743801401185e-21,0,2.2277305894087992e-18,36.113928801700972,178.28088531056835,178.28088531056835,-5.6328699173137203e-26,0.00049397077003171844,-0.00049397077003171844,0,0,1.3959242853826747e-17,366,366,0,-4.7513522552428768e-05,0.010140156011084794,2.0491146183483126e-07,5.0210953131240708e-12,1.552960938167663e-09
1.6184103804483929e-17,2215,387.1316806683368,-5.9078182967201874e-10,-2.8695824229176995e-21,0,2.2122969184700476e-18,35.660280496019269,178.28088531056835,178.28088531056835,-8.4900373884199156e-25,0.0075100944326406335,-0.0075100944326406335,0,0,1.3971807735017623e-17,367,367,0,-4.7103476663784438e-05,0.011029274666904624,3.2793212951269802e-07,5.0362337544991339e-12,1.5579971719221622e-09
1.6181197831886419e-17,2221,422.40358958488497,-5.8571264161630121e-10,-2.9059725975126393e-21,0,2.1944010348249522e-18,35.451112361372388,178.28088531056835,178.28088531056835,-1.3487954522306892e-24,0.011934528575523877,-0.011934528575523877,0,0,1.3986798145856919e-17,368,368,0,-4.7090096734082324e-05,0.012068203012785448,4.5415937411579458e-07,5.1247210167230084e-12,1.5631218929388853e-09
1.6178308559228222e-17,2227,498.83209901607779,-5.8037933418412431e-10,-2.8892726581968228e-21,0,2.1728749382728071e-18,35.856685255146807,178.28088531056835,178.28088531056835,-1.3744796577637836e-24,0.012018280726748197,-0.012018280726748197,0,0,1.4005434995435072e-17,369,369,0,-4.7652394749593613e-05,0.013245066591173272,5.8490697356155584e-07,5.1506782218738989e-12,1.5682725711607591e-09
1.6175432554388701e-17,2233,598.61451512861004,-5.8356573621104433e-10,-2.876004839518523e-21,0,2.1465749366021415e-18,35.986578700744495,178.28088531056835,178.28088531056835,-9.0197924004601318e-25,0.0077109655084077926,-0.0077109655084077926,0,0,1.4028858519765801e-17,370,370,0,-4.8738991627255454e-05,0.014538928354654108,7.3213976390901128e-07,5.1409298911411953e-12,1.5734135010519003e-09
1.6172527496386454e-17,2239,668.91846052194273,-5.9763576259378482e-10,-2.9050580022481752e-21,0,2.1171641596823758e-18,35.231808808061352,178.28088531056835,178.28088531056835,-7.6215833338903317e-26,0.00063407444792643443,-0.00063407444792643443,0,0,1.4055363412919911e-17,371,371,0,-5.0083388990595317e-05,0.015919564617396388,9.0255550778875963e-07,5.1110221955981336e-12,1.5785245232474984e-09
1.6169502603408565e-17,2245,701.8880429159484,-6.1726261305780211e-10,-3.0248929778911615e-21,0,2.0881526955738431e-18,34.279850089520586,178.28088531056835,178.28088531056835,8.2977106325819452e-25,0.0067357600176094932,0.0067357600176094932,0,0,1.4081349078063658e-17,372,372,0,-5.1328720459264391e-05,0.01737585849575506,1.0882026016252105e-06,5.1615521233468989e-12,1.5836860753708453e-09
1.6166406018755554e-17,2251,684.30808294698932,-6.2781343137682559e-10,-3.096584653007877e-21,0,2.0643103093451222e-18,33.580882063236345,178.28088531056835,178.28088531056835,1.4522549311747748e-24,0.011616070052369164,0.011616070052369164,0,0,1.4102094257155501e-17,373,373,0,-5.2092163579786817e-05,0.018846709728770034,1.2512118052921384e-06,5.1406309655027414e-12,1.588826706336348e-09
1.6163317192749547e-17,2257,622.44775262398787,-6.2191691463638057e-10,-3.0888260060069164e-21,0,2.0464403761930719e-18,33.078728852459385,178.28088531056835,178.28088531056835,1.5360063763406633e-24,0.01226916636441365,0.01226916636441365,0,0,1.4116875280550099e-17,374,374,0,-5.2163499768419813e-05,0.020277741287573037,1.3338740179593031e-06,5.1039809621598785e-12,1.5939306872985078e-09
1.6160271031370828e-17,2263,560.98778209733882,-6.0261966082898187e-10,-3.0461613787216313e-21,0,2.0318483869457441e-18,32.860298071664296,178.28088531056835,178.28088531056835,1.0462897162253037e-24,0.0084573147282946057,0.0084573147282946057,0,0,1.4128421598135366e-17,375,375,0,-5.1547573010226094e-05,0.021631851751370605,1.2684826173952753e-06,5.1482690323753415e-12,1.5990789563308832e-09
1.6157328643995799e-17,2269,542.23504422867859,-5.78723066282623e-10,-2.9423873750265897e-21,0,2.0178341790672017e-18,32.969912801815532,178.28088531056835,178.28088531056835,1.8413841074256072e-25,0.0015203527481824736,0.0015203527481824736,0,0,1.4139494280790187e-17,376,376,0,-5.0464826601035893e-05,0.022833708597836525,9.9581871709087868e-07,5.1682657611307238e-12,1.6042472220920139e-09
1.6154505554931871e-17,2275,519.7551694129545,-5.5501420962344119e-10,-2.8230890639267183e-21,0,2.0044208122745386e-18,33.468199009389508,178.28088531056835,178.28088531056835,-7.0791687756352248e-25,0.0059840693879883236,-0.0059840693879883236,0,0,1.4150085450574213e-17,377,377,0,-4.9291768949658924e-05,0.023812796620010145,5.0240340228111256e-07,5.1734390903093017e-12,1.6094206611823232e-09
1.6151870638784919e-17,2281,465.92446214636931,-5.2541408998888876e-10,-2.6349161469526009e-21,0,1.995725386412788e-18,33.723690218782885,178.28088531056835,178.28088531056835,-1.3019549017420825e-24,0.01120256921181772,-0.01120256921181772,0,0,1.4156146554327033e-17,378,378,0,-4.8424713902749744e-05,0.024501849361448405,-1.4224301117473564e-07,5.0616226329623577e-12,1.6144822838152856e-09
1.6149446943998442e-17,2287,393.85165411112223,-4.8535837113436824e-10,-2.4236947864779085e-21,0,1.9951173098738905e-18,33.230731073749666,178.28088531056835,178.28088531056835,-1.4386427596717982e-24,0.012468415253217595,-0.012468415253217595,0,0,1.415433107276731e-17,379,379,0,-4.8076236716726175e-05,0.024886805015153651,-8.2694765328583417e-07,4.9853507112204408e-12,1.619467634526506e-09
1.6147235620749096e-17,2293,308.26585489503844,-4.4430991675555516e-10,-2.2113232493463838e-21,0,2.0022227818939477e-18,33.125793415622681,178.28088531056835,178.28088531056835,-1.0958150352294476e-24,0.0094565322779740207,-0.0094565322779740207,0,0,1.4145013934670184e-17,380,380,0,-4.8282984141667061e-05,0.024963757149453029,-1.4267967541849582e-06,4.9753852253482773e-12,1.6244430197518543e-09
1.6145200228658047e-17,2299,258.29512844641948,-4.2205247617322719e-10,-2.0353920910499165e-21,0,2.0133941038149848e-18,34.19522647131825,178.28088531056835,178.28088531056835,-3.8101676794626561e-25,0.0032448813225106356,-0.0032448813225106356,0,0,1.413180650585983e-17,381,381,0,-4.8925359933081397e-05,0.024735832306711593,-1.8246382802856987e-06,4.9481444491930721e-12,1.6293911642010474e-09
1.6143216302470038e-17,2305,299.73154336846659,-4.312747257895757e-10,-1.9839261880092593e-21,0,2.0253537263530988e-18,35.485354515285422,178.28088531056835,178.28088531056835,4.7715995017514114e-25,0.0039946864549688906,0.0039946864549688906,0,0,1.411786209895699e-17,382,382,0,-4.9770275626806541e-05,0.024228091429471348,-1.962300414991778e-06,4.8976063415987588e-12,1.634288770542646e-09
1.6141114811965597e-17,2311,366.4444893534486,-4.6172255952108787e-10,-2.1014905044409614e-21,0,2.0397213489876662e-18,36.649118031919556,178.28088531056835,178.28088531056835,1.2058922890614411e-24,0.0099347525065395098,0.0099347525065395098,0,0,1.4101392257085642e-17,383,383,0,-5.0575504534390445e-05,0.023467628966410609,-1.8512168312894332e-06,4.9276006523050613e-12,1.6392163711949511e-09
1.6138853663075326e-17,2317,388.63152658603769,-4.9000466923125162e-10,-2.2611488902673656e-21,0,2.0605339549314816e-18,37.969998291412772,178.28088531056835,178.28088531056835,1.5380966247207497e-24,0.012536175287501124,0.012536175287501124,0,0,1.4078318170047221e-17,384,384,0,-5.1121939422224338e-05,0.022501241141919853,-1.5539335667704049e-06,4.9396617395614255e-12,1.6441560329345125e-09
1.6136511698820691e-17,2323,388.92845486842674,-5.0036562105713479e-10,-2.3419642546376456e-21,0,2.089028129449364e-18,38.885593362841256,178.28088531056835,178.28088531056835,1.3458659054852131e-24,0.01093313281107023,0.01093313281107023,0,0,1.4047482223505422e-17,385,385,0,-5.1291562108419212e-05,0.021394017100465752,-1.1693005474055585e-06,4.8991937212944291e-12,1.6490552266558069e-09
1.6134188733868171e-17,2329,452.67934446268112,-4.931796433038821e-10,-2.3229649525215653e-21,0,2.1221523563501281e-18,38.796456938232545,178.28088531056835,178.28088531056835,7.0747743413305863e-25,0.0057673472841120697,0.0057673472841120697,0,0,1.4012035670040607e-17,386,386,0,-5.1112279129518816e-05,0.020204655940591731,-7.9072828987613322e-07,4.8454410894982513e-12,1.6539006677453051e-09
1.6131899963880016e-17,2335,498.14772448735965,-4.8167248467576201e-10,-2.2887699881531747e-21,0,2.1551456386815849e-18,37.979471499114126,178.28088531056835,178.28088531056835,-1.6246481767497188e-25,0.0013344739781379804,-0.0013344739781379804,0,0,1.3976754487663247e-17,387,387,0,-5.0726859526873255e-05,0.018958125728981545,-4.7401458309073252e-07,4.8852922121135093e-12,1.6587859599574186e-09
1.6129621143085185e-17,2341,517.80492414850232,-4.7778356927887869e-10,-2.2788207948314434e-21,0,2.1843783672492171e-18,37.036531366184214,178.28088531056835,178.28088531056835,-9.7615303093386292e-25,0.0080774899782938645,-0.0080774899782938645,0,0,1.3945243751988999e-17,388,388,0,-5.0353566596613578e-05,0.017687137948681476,-2.4636470323021059e-07,4.9567150025013209e-12,1.6637426749599199e-09
1.6127337254202659e-17,2347,521.0876760904423,-4.8344444462510426e-10,-2.2838888825265306e-21,0,2.2089204193626362e-18,36.299547620391643,178.28088531056835,178.28088531056835,-1.455135641279231e-24,0.012073128498271038,-0.012073128498271038,0,0,1.3918418289975663e-17,389,389,0,-5.021950336123817e-05,0.016444588122624344,-1.09090904940349e-07,4.9552459773668412e-12,1.6686979209372867e-09
1.6125046732484723e-17,2353,505.31348456242029,-4.9347564227173187e-10,-2.290521717936311e-21,0,2.229269488306424e-18,35.978254776603237,178.28088531056835,178.28088531056835,-1.4529746754490567e-24,0.012002022352294826,-0.012002022352294826,0,0,1.3895778697152973e-17,390,390,0,-5.0442008604879182e-05,0.015273686217551681,-4.1747737729935278e-08,4.8746440727303447e-12,1.6735725650100171e-09
1.612270824837216e-17,2359,467.75934891951374,-5.0085982426574797e-10,-2.338484112560928e-21,0,2.2458763344808871e-18,36.22170460473118,178.28088531056835,178.28088531056835,-9.7592323402686956e-25,0.0079737936245776013,-0.0079737936245776013,0,0,1.3876832889814507e-17,391,391,0,-5.0996388919760164e-05,0.014168210462725659,-1.7114887715573181e-08,4.8798537712908266e-12,1.6784524187813079e-09
1.6120374221463171e-17,2365,466.59370294434308,-5.0164948753592069e-10,-2.3340269089897815e-21,0,2.2569547768759512e-18,36.666603070435883,178.28088531056835,178.28088531056835,-1.7382044453153251e-25,0.001400360751889838,-0.001400360751889838,0,0,1.3863419618407665e-17,392,392,0,-5.1718948223674671e-05,0.013151238654894034,-1.3819464096656399e-08,4.8227027642178942e-12,1.6832751215455257e-09
1.6118074037475337e-17,2371,457.41469116141644,-4.9660799195770298e-10,-2.3001839878336324e-21,0,2.2603516344779576e-18,36.744220833417927,178.28088531056835,178.28088531056835,6.9845993881697006e-25,0.0055564235454708981,0.0055564235454708981,0,0,1.3857721704537442e-17,393,393,0,-5.2376312231371801e-05,0.01222676724610673,-1.5820417988229564e-08,4.771979485586338e-12,1.6880471010311122e-09
1.6115836561408957e-17,2377,436.56102499996757,-4.8814164509390518e-10,-2.2374760663799287e-21,0,2.2548413638041719e-18,36.329464279256705,178.28088531056835,178.28088531056835,1.3549898319841791e-24,0.010705046302609053,0.010705046302609053,0,0,1.3860993842614954e-17,394,394,0,-5.2739528695226959e-05,0.01140308316323963,-1.1816795077558406e-08,4.7038927902554195e-12,1.6927509938213677e-09
1.6113624031147351e-17,2383,415.9406778564732,-4.8064870243149512e-10,-2.2125302616079557e-21,0,2.2398371413583058e-18,35.388093071750554,178.28088531056835,178.28088531056835,1.5879776368163323e-24,0.012565118243998027,0.012565118243998027,0,0,1.3873785301811407e-17,395,395,0,-5.2658266784663625e-05,0.010671067228412856,6.6126037695532126e-09,4.7356896055656542e-12,1.6974866834269334e-09
1.6111415314081564e-17,2389,412.42434928162487,-4.7561179892211959e-10,-2.2087170657845857e-21,0,2.2160771648770123e-18,33.860829372560886,178.28088531056835,178.28088531056835,1.3082406325414981e-24,0.010465466422000096,0.010465466422000096,0,0,1.3895336840963921e-17,396,396,0,-5.208561583203264e-05,0.010040404476339205,4.4372773066147602e-08,4.7956208459521402e-12,1.7022823042728856e-09
1.6109260929400178e-17,2395,393.99312053471033,-4.7000202421150803e-10,-2.1543846813878696e-21,0,2.1872594912079365e-18,32.518133086425522,178.28088531056835,178.28088531056835,6.2964631014373891e-25,0.0051278009764938719,0.0051278009764938719,0,0,1.3922000808545931e-17,397,397,0,-5.1162794817748173e-05,0.0095397929642464345,9.93575385470073e-08,4.7231249276428326e-12,1.7070054292005285e-09
1.6107151342258065e-17,2401,415.14855691325914,-4.6067308273201388e-10,-2.1095871421125825e-21,0,2.1572190401440833e-18,32.289562770181647,178.28088531056835,178.28088531056835,-2.1128502523432401e-25,0.0017556942464263484,-0.0017556942464263484,0,0,1.3949932513399006e-17,398,398,0,-5.0142800980418299e-05,0.0091710861430806066,1.6611845284198958e-07,4.6950503552891096e-12,1.7117004795558175e-09
1.6105080951509044e-17,2407,446.70767744839969,-4.4557797232836348e-10,-2.070390749021659e-21,0,2.1296189533716042e-18,32.914027205626205,178.28088531056835,178.28088531056835,-9.65010404415846e-25,0.008152585575652101,-0.008152585575652101,0,0,1.3975462963147844e-17,399,399,0,-4.9320263464354603e-05,0.0089363429934532796,2.3779429516761109e-07,4.7393359304750511e-12,1.7164398154862925e-09
1.6103094100639184e-17,2413,459.27047203354027,-4.2524025574092312e-10,-1.9868508698592853e-21,0,2.1080183032279884e-18,33.891045754697927,178.28088531056835,178.28088531056835,-1.4118663085339394e-24,0.012010212482053131,-0.012010212482053131,0,0,1.3995077209277505e-17,400,400,0,-4.8981450531017039e-05,0.0088417584149699524,3.0512343818672587e-07,4.7429518866239006e-12,1.7211827673729163e-09
1.6101188128718183e-17,2419,443.26309061675892,-4.0321515411656299e-10,-1.9059719210033226e-21,0,2.0936462700957269e-18,35.403293474630026,178.28088531056835,178.28088531056835,-1.4308145618784148e-24,0.012095722584833192,-0.012095722584833192,0,0,1.4007543289437018e-17,401,401,0,-4.9287897431033977e-05,0.0088856547994469997,3.5985837118466712e-07,4.8012406233730264e-12,1.7259840079962893e-09
1.6099361341440193e-17,2425,418.17558779391027,-3.8443545150611636e-10,-1.8267872779892389e-21,0,2.0859639415755309e-18,37.007796989907455,178.28088531056835,178.28088531056835,-9.9439388159482249e-25,0.0082467582084802364,-0.0082467582084802364,0,0,1.401339839425854e-17,402,402,0,-5.0241655390281232e-05,0.009065040515739713,3.9203053432070645e-07,4.8617569261647086e-12,1.730845764922454e-09
1.6097605109762728e-17,2431,410.84984760959003,-3.7390364587426386e-10,-1.7562316774624874e-21,0,2.0830198549763442e-18,38.016376722943171,178.28088531056835,178.28088531056835,-2.0917780855424694e-25,0.0016877045916291332,-0.0016877045916291332,0,0,1.4014585463964192e-17,403,403,0,-5.1642580498581134e-05,0.0093695639329874018,3.9111058463239868e-07,4.8679290878820489e-12,1.7357136940103361e-09
1.609588567544698e-17,2437,429.05905006715744,-3.7291365761640356e-10,-1.7194343157500525e-21,0,2.0830085580023332e-18,38.669235917110157,178.28088531056835,178.28088531056835,6.8734633506380728e-25,0.0053875330028986985,0.0053875330028986985,0,0,1.4012876430098311e-17,404,404,0,-5.3158710326754178e-05,0.0097843562109728773,3.5118113359866582e-07,4.8399247271284574e-12,1.7405536187374647e-09
1.6094143909120831e-17,2443,457.88037740052147,-3.7876032594054772e-10,-1.7417663261487229e-21,0,2.0850551895764772e-18,38.941610601206889,178.28088531056835,178.28088531056835,1.4031215802762394e-24,0.010734331379041728,0.010734331379041728,0,0,1.4009087316422773e-17,405,405,0,-5.4463941081898908e-05,0.010301735582155108,2.711686607794642e-07,4.8663626880420636e-12,1.7454199814255067e-09
1.6092343496661866e-17,2449,477.02549104307531,-3.8824455729946524e-10,-1.800412458964754e-21,0,2.0883108858173212e-18,38.431333737400955,178.28088531056835,178.28088531056835,1.6661727372073258e-24,0.012555607810129992,0.012555607810129992,0,0,1.4004030944671807e-17,406,406,0,-5.5293112926234804e-05,0.01091446341346522,1.5122604405030265e-07,4.9267317284407189e-12,1.7503467131539473e-09
1.6090487856316079e-17,2455,467.64588200721948,-3.9923374695325995e-10,-1.8556403457869084e-21,0,2.0911748172588421e-18,37.528693762987807,178.28088531056835,178.28088531056835,1.3520543316242605e-24,0.010146667085075098,0.010146667085075098,0,0,1.3999311687002903e-17,407,407,0,-5.5521282681987314e-05,0.011603658468483404,-5.9439695472216653e-09,4.9387905282914212e-12,1.7552855036822388e-09
1.608858104098248e-17,2461,420.30267981961185,-4.0865846007927195e-10,-1.9068153335987856e-21,0,2.092256569207478e-18,36.589023666640578,178.28088531056835,178.28088531056835,5.7190147768667303e-25,0.0043143441247541561,0.0043143441247541561,0,0,1.3996323899873525e-17,408,408,0,-5.5232562697498747e-05,0.012352447430220377,-1.9640516040783042e-07,4.9367833886544463e-12,1.7602222870708933e-09
1.608662438273138e-17,2467,344.93261924794342,-4.1316266996215054e-10,-1.9566582511008594e-21,0,2.091330871894545e-18,35.588640489680003,178.28088531056835,178.28088531056835,-3.9740607625905251e-25,0.0030292071168269135,-0.0030292071168269135,0,0,1.3995293908242909e-17,409,409,0,-5.4663104476447528e-05,0.013152586811215207,-4.1619797100847184e-07,4.9749223849237631e-12,1.7651972094558172e-09
1.6084656538783822e-17,2473,304.09836892448669,-4.1030197510195867e-10,-1.9678439475579308e-21,0,2.089421381360748e-18,34.782778924787245,178.28088531056835,178.28088531056835,-1.2149360955458813e-24,0.0093528380168352802,-0.0093528380168352802,0,0,1.3995236372359168e-17,410,410,0,-5.4125108574811991e-05,0.01398667645060407,-6.5410472398962617e-07,4.9923931638947567e-12,1.770189602619712e-09
1.608274055694403e-17,2479,303.25445874098506,-4.0123495002730781e-10,-1.9159818397893594e-21,0,2.0875099879868841e-18,34.124728333773092,178.28088531056835,178.28088531056835,-1.6089739659652494e-24,0.012439740715753102,-0.012439740715753102,0,0,1.3995232177931112e-17,411,411,0,-5.3892266283522669e-05,0.014827578336762277,-8.8760442605880902e-07,4.9360138466423058e-12,1.7751256164663543e-09
1.6080892288434408e-17,2485,357.69257723052823,-3.9082562424182573e-10,-1.8482685096215711e-21,0,2.0853021909791955e-18,33.634217793550441,178.28088531056835,178.28088531056835,-1.4749103213782636e-24,0.011363034524275367,-0.011363034524275367,0,0,1.3995591572365536e-17,412,412,0,-5.4082909448888778e-05,0.015662008238836886,-1.0889702593449208e-06,4.8858855197677556e-12,1.7800115019861221e-09
1.6079080879684045e-17,2491,420.39035450839793,-3.8425808894087246e-10,-1.8114087503659544e-21,0,2.0815409132246584e-18,33.410551903490507,178.28088531056835,178.28088531056835,-8.533417023322992e-25,0.0065054308244056561,-0.0065054308244056561,0,0,1.3997540819801089e-17,413,413,0,-5.4655725690641752e-05,0.016488477658193529,-1.2260193460822059e-06,4.9041203965278546e-12,1.7849156223826499e-09
1.6077275757127174e-17,2497,442.54293918843848,-3.8492732016235367e-10,-1.8051225568708355e-21,0,2.0750695377203049e-18,32.967344249768445,178.28088531056835,178.28088531056835,7.428432088866282e-26,0.00055837614085006693,0.00055837614085006693,0,0,1.4002206145122548e-17,414,414,0,-5.5431810397844139e-05,0.017295940668056609,-1.264857233387041e-06,4.9303905454729563e-12,1.7898460129281228e-09
1.6075452805028683e-17,2503,478.06201811660162,-3.9156675976083935e-10,-1.8229520984912061e-21,0,2.0663042658862101e-18,32.541627277096907,178.28088531056835,178.28088531056835,1.0009434530873997e-24,0.007427846158579646,0.007427846158579646,0,0,1.4009147538199019e-17,415,415,0,-5.6148143515015645e-05,0.018067684836149185,-1.187817396394609e-06,4.925089476802572e-12,1.7947711024049254e-09
1.6073586732554918e-17,2509,470.09158659141599,-3.9753943621491446e-10,-1.8660724737638336e-21,0,2.0573767301513777e-18,32.727514724410661,178.28088531056835,178.28088531056835,1.6039556126675602e-24,0.011815490199003591,0.011815490199003591,0,0,1.4016208398447927e-17,416,416,0,-5.6562599380624795e-05,0.018796387630405288,-1.003377511569476e-06,4.9501038138919296e-12,1.7997212062188173e-09
1.6071702322056473e-17,2515,429.02588108723921,-3.9555975974992566e-10,-1.8844104984432195e-21,0,2.0508925476010209e-18,33.0407741144422,178.28088531056835,178.28088531056835,1.6535219641081799e-24,0.012189660826755429,0.012189660826755429,0,0,1.402080812093349e-17,417,417,0,-5.6520644408160203e-05,0.019466383952545574,-7.4784374949339208e-07,4.9665993943920401e-12,1.8046878056132094e-09
1.6069840551035979e-17,2521,371.18938185115161,-3.8321216805726367e-10,-1.8617710204967376e-21,0,2.0482259350624787e-18,33.49426109449513,178.28088531056835,178.28088531056835,1.1237881320468434e-24,0.0083586726593233227,0.0083586726593233227,0,0,1.4021613492185366e-17,418,418,0,-5.6019068350223824e-05,0.020063210414681332,-4.7419497774586491e-07,5.0059432857971036e-12,1.8096937488990064e-09
1.6068069289513271e-17,2527,325.62887562685108,-3.671356103962504e-10,-1.7712615227091224e-21,0,2.0483205541422693e-18,34.520631952889858,178.28088531056835,178.28088531056835,2.2476189202015711e-25,0.0016954680213133555,0.0016954680213133555,0,0,1.4019748510609108e-17,419,419,0,-5.5235950878777852e-05,0.020558881691930209,-2.4102346154269981e-07,4.9620909994542669e-12,1.8146558398984606e-09
1.606638554309099e-17,2533,292.14324904656337,-3.5788194397557904e-10,-1.6837464222772311e-21,0,2.0487177409089396e-18,35.596005004167829,178.28088531056835,178.28088531056835,-7.1278489839984263e-25,0.0054533927152026779,-0.0054533927152026779,0,0,1.401766851496695e-17,420,420,0,-5.4460355814614646e-05,0.020935830275111554,-8.3825541860696834e-08,4.8938082936713009e-12,1.8195496481921319e-09
1.6064726420119813e-17,2539,315.5632929414312,-3.5862663373285767e-10,-1.6591229711794981e-21,0,2.0486149512307191e-18,36.420687789384004,178.28088531056835,178.28088531056835,-1.3967003663920395e-24,0.010782145162440873,-0.010782145162440873,0,0,1.4016112865589459e-17,421,421,0,-5.3974276661034673e-05,0.021183684177754715,-6.6772640299980902e-09,4.8793762635197546e-12,1.8244290244556516e-09
1.6063049703987386e-17,2545,315.81089277373309,-3.6316799571211401e-10,-1.6767161324250832e-21,0,2.0495150214060436e-18,37.040220578088871,178.28088531056835,178.28088531056835,-1.6265568687452255e-24,0.01255463082878765,-0.01255463082878765,0,0,1.4013536309138212e-17,422,422,0,-5.3982633012967808e-05,0.021288841187178251,1.4200597717317579e-08,4.8804539460493625e-12,1.8293094784017011e-09
1.606137756702346e-17,2551,298.45290446424048,-3.6158368155196429e-10,-1.6721369639288905e-21,0,2.0536127678658097e-18,37.271603314345576,178.28088531056835,178.28088531056835,-1.3383477288259808e-24,0.010226488738104004,-0.010226488738104004,0,0,1.4007766137505378e-17,423,423,0,-5.452945789038514e-05,0.02124173432271878,2.4418788146716301e-08,4.8325252319192486e-12,1.8341420036336202e-09
1.6059753791580489e-17,2557,267.16573593021286,-3.4820834843275777e-10,-1.6237754429677675e-21,0,2.0618245744252844e-18,37.206846073499875,178.28088531056835,178.28088531056835,-6.18751531028331e-25,0.0046466664324889264,-0.0046466664324889264,0,0,1.3997929835906737e-17,424,424,0,-5.5483461460846786e-05,0.021041862447271648,7.2153900469256776e-08,4.7905356672179149e-12,1.8389325393008381e-09
1.6058218946629145e-17,2563,273.36439848774666,-3.2551860300483066e-10,-1.5348449513457904e-21,0,2.0731649992303198e-18,37.060894549222063,178.28088531056835,178.28088531056835,3.2701663119067396e-25,0.0024071872383216023,0.0024071872383216023,0,0,1.3985053620382194e-17,425,425,0,-5.6604209050973881e-05,0.02069240964657261,1.8822698413536272e-07,4.7873019149819497e-12,1.8437198412158201e-09
1.605680788041784e-17,2569,261.36575633826726,-3.0147382457918626e-10,-1.4110662113059763e-21,0,2.0853736664548679e-18,36.831542130644223,178.28088531056835,178.28088531056835,1.1974041475163795e-24,0.0086623644335328508,0.0086623644335328508,0,0,1.3971433016558822e-17,426,426,0,-5.7596098458621033e-05,0.020207636348366739,3.7226716842442331e-07,4.7563315229606979e-12,1.8484761727387809e-09
1.6055514614651283e-17,2575,245.63920974028812,-2.8453736669723351e-10,-1.2932657665553528e-21,0,2.096147986577836e-18,36.52903366528691,178.28088531056835,178.28088531056835,1.7007409301666506e-24,0.012173066631305707,0.012173066631305707,0,0,1.3959364927332518e-17,427,427,0,-5.8213930449861411e-05,0.019613779348709573,5.9346304195284726e-07,4.6857239510617297e-12,1.8531618966898426e-09
1.6054275429005755e-17,2581,258.89263656659125,-2.7958552720224475e-10,-1.2391856455278182e-21,0,2.1042668331469187e-18,36.238733686372946,178.28088531056835,178.28088531056835,1.6773199474123126e-24,0.01197887697753439,0.01197887697753439,0,0,1.395000691853889e-17,428,428,0,-5.8342974281531447e-05,0.018930407867560773,8.1149522084220285e-07,4.6727513032534591e-12,1.8578346479930961e-09
1.6053029348625126e-17,2587,273.90343539797146,-2.8545942085264818e-10,-1.2460803806282238e-21,0,2.1095747355072746e-18,36.003629433029388,178.28088531056835,178.28088531056835,1.1325402146557836e-24,0.0081372562744171338,0.0081372562744171338,0,0,1.3943453480577638e-17,429,429,0,-5.7991507234449187e-05,0.018181673334007675,9.8712254241362342e-07,4.6863234148238998e-12,1.86252097140792e-09
1.6051748965097615e-17,2593,306.83317243142955,-2.9707981225655114e-10,-1.2803835275119069e-21,0,2.1122266859330647e-18,35.677246149290795,178.28088531056835,178.28088531056835,2.565612148499712e-25,0.0018654060325938994,0.0018654060325938994,0,0,1.3939522022603337e-17,430,430,0,-5.7306829891071346e-05,0.017405251768104892,1.0928217936671961e-06,4.6520136857291244e-12,1.8671729850936491e-09
1.6050404274995793e-17,2599,318.31684164371404,-3.1066304563072812e-10,-1.3446901018217609e-21,0,2.1121755538333325e-18,35.139657307783693,178.28088531056835,178.28088531056835,-6.7665028892676196e-25,0.0049886120607173252,-0.0049886120607173252,0,0,1.3938229397812751e-17,431,431,0,-5.6516244790063551e-05,0.016622386202653792,1.121538122685864e-06,4.6675982027100123e-12,1.8718405832963591e-09
1.60489794612806e-17,2605,345.30427184560534,-3.2502689677994398e-10,-1.4248137151938089e-21,0,2.1094117974814017e-18,34.601724949692162,178.28088531056835,178.28088531056835,-1.3916932483900015e-24,0.010378261063733001,-0.010378261063733001,0,0,1.3939569055492449e-17,432,432,0,-5.5873732918100435e-05,0.015854797181633587,1.0768592836149159e-06,4.7204374801966247e-12,1.8765610207765559e-09
1.6047489079298817e-17,2611,337.87387319260813,-3.3862728512393172e-10,-1.4903819817841485e-21,0,2.1049077185844294e-18,34.271642309671229,178.28088531056835,178.28088531056835,-1.6758085033979299e-24,0.012558396816290861,-0.012558396816290861,0,0,1.3942583036522891e-17,433,433,0,-5.5600531922749557e-05,0.015136550510171043,9.7033965718287316e-07,4.7195036685401196e-12,1.8812805244450959e-09
1.60459322066094e-17,2617,308.84415324421821,-3.5029751483594322e-10,-1.5568726894170401e-21,0,2.1005676156847803e-18,34.212358966914401,178.28088531056835,178.28088531056835,-1.4517040412141731e-24,0.010842149718310708,-0.010842149718310708,0,0,1.3945366042628661e-17,434,434,0,-5.5789368303654099e-05,0.014485205827139998,8.1514331342619705e-07,4.738276763604167e-12,1.8860188012087e-09
1.6044309558823257e-17,2623,310.96658087390296,-3.5716712930188976e-10,-1.6226477861408513e-21,0,2.0989649256117728e-18,34.501396912790078,178.28088531056835,178.28088531056835,-7.6601888745977811e-25,0.0056600689377956049,-0.0056600689377956049,0,0,1.3945345399230373e-17,435,435,0,-5.6390574028175329e-05,0.013910087436030978,6.213036359816639e-07,4.8042620591404697e-12,1.8908230632678406e-09
1.6042663090345139e-17,2629,325.4705501040558,-3.5690324730714813e-10,-1.6464684781173336e-21,0,2.1021108794512247e-18,34.973165190620826,178.28088531056835,178.28088531056835,1.8822264937336567e-25,0.001371009809537077,0.001371009809537077,0,0,1.3940552022671268e-17,436,436,0,-5.7203167592193935e-05,0.013424051528865341,3.9912917425834168e-07,4.8294986100252925e-12,1.8956525618778658e-09
1.6041029582017175e-17,2635,384.73080176400055,-3.4956126473178553e-10,-1.6335083279656126e-21,0,2.1106540121023373e-18,35.523008802421472,178.28088531056835,178.28088531056835,1.1099927119737007e-24,0.0079817538475541079,0.0079817538475541079,0,0,1.3930374459922124e-17,437,437,0,-5.7944277931358666e-05,0.013025197605568277,1.54383378422696e-07,4.8492554065829041e-12,1.9005018172844488e-09
1.6039421637212302e-17,2641,387.38117911647652,-3.3629253282341748e-10,-1.6079448048724082e-21,0,2.1244935006799348e-18,36.140655431742509,178.28088531056835,178.28088531056835,1.6842995508274153e-24,0.012027702183948916,0.012027702183948916,0,0,1.3914926452232817e-17,438,438,0,-5.8347926210478569e-05,0.012698827219800249,-1.1148190050360427e-07,4.931412621513423e-12,1.9054332299059622e-09
1.6037868929076146e-17,2647,370.92504841210632,-3.1862189131981937e-10,-1.5527081361554573e-21,0,2.1426023271952863e-18,36.490882002046142,178.28088531056835,178.28088531056835,1.6756579629969567e-24,0.011990691263857029,0.011990691263857029,0,0,1.3895264926222897e-17,439,439,0,-5.8227737046265976e-05,0.012430517008069025,-3.8919379465296516e-07,5.0068069789229501e-12,1.910440036884885e-09
1.6036413871128689e-17,2653,346.11492832010737,-2.9958239382317731e-10,-1.4550579474588787e-21,0,2.1621809318292825e-18,36.650114096021532,178.28088531056835,178.28088531056835,1.0791697358393812e-24,0.0078095011873084179,0.0078095011873084179,0,0,1.387423186012967e-17,440,440,0,-5.7577820377368483e-05,0.012205500218399558,-6.5670823473742223e-07,4.9952180581518693e-12,1.9154352549430368e-09
1.6035044343304579e-17,2659,281.68884642646827,-2.8457884714440208e-10,-1.3695278241102853e-21,0,2.1790544215228045e-18,36.892832107711698,178.28088531056835,178.28088531056835,1.251948480401372e-25,0.00092206574708819428,0.00092206574708819428,0,0,1.3855989796586924e-17,441,441,0,-5.6573536303043365e-05,0.012004559230819627,-8.9050733197678103e-07,5.0021869672127315e-12,1.9204374419102498e-09
1.6033715787174744e-17,2665,286.05318719855268,-2.7703089805321239e-10,-1.328556129832712e-21,0,2.1887445141246019e-18,36.961902686978156,178.28088531056835,178.28088531056835,-8.4809448649981811e-25,0.006367337061533803,-0.006367337061533803,0,0,1.3844972121144629e-17,442,442,0,-5.5497722092187037e-05,0.011813432732287271,-1.0652622412923303e-06,5.0660727501572334e-12,1.9255035146604069e-09
1.6032398220721234e-17,2671,358.92908244199589,-2.7540839163841783e-10,-1.3175664535102616e-21,0,2.187951548945762e-18,36.97939728596112,178.28088531056835,178.28088531056835,-1.4995763464248744e-24,0.011426458970920565,-0.011426458970920565,0,0,1.384444817135182e-17,443,443,0,-5.4682161749970788e-05,0.011629677233426403,-1.1542240630930731e-06,5.1115791048134829e-12,1.9306150937652202e-09
1.6031078775566266e-17,2677,360.47747835121226,-2.7522527081851053e-10,-1.3194451549690419e-21,0,2.1756136087693312e-18,37.032244054252907,178.28088531056835,178.28088531056835,-1.6123184633514986e-24,0.012355472351046079,-0.012355472351046079,0,0,1.3855466779115397e-17,444,444,0,-5.4372616492702313e-05,0.011461126596054435,-1.1402185180069562e-06,5.1322502858821355e-12,1.9357473440511024e-09
1.602977167902225e-17,2683,322.52623518187761,-2.7277460274748413e-10,-1.3070965440160348e-21,0,2.1528043913824406e-18,36.744680312097564,178.28088531056835,178.28088531056835,-1.1561865904075358e-24,0.0088200046588380356,-0.0088200046588380356,0,0,1.38769684438264e-17,445,445,0,-5.4619519071013982e-05,0.011325129026452765,-1.0239433053923017e-06,5.103895312249335e-12,1.9408512393633519e-09
1.6028482577138191e-17,2689,285.04917881537847,-2.6664667818287527e-10,-1.2891018840601149e-21,0,2.1217517367492451e-18,36.403805932697708,178.28088531056835,178.28088531056835,-2.7667289140489678e-25,0.0020859134964049762,-0.0020859134964049762,0,0,1.3906731117061836e-17,446,446,0,-5.5266132376703121e-05,0.011242628688999681,-8.2282753562076633e-07,5.1202737291502459e-12,1.9459715130925019e-09
1.602722075911023e-17,2695,278.86835304168511,-2.5839592615461055e-10,-1.2618180279571499e-21,0,2.0852810883091573e-18,36.010775812189351,178.28088531056835,178.28088531056835,7.3548115745499537e-25,0.0054706518183091964,0.0054706518183091964,0,0,1.3941938935319916e-17,447,447,0,-5.6017179021956401e-05,0.011239550601817541,-5.6759839528139618e-07,5.1698569764003883e-12,1.9511413700689021e-09
1.6025994720084487e-17,2701,307.61614420799793,-2.532236096596771e-10,-1.2260390257448193e-21,0,2.0470020747256841e-18,35.135122309237353,178.28088531056835,178.28088531056835,1.4942934938596383e-24,0.011013852147424796,0.011013852147424796,0,0,1.3978991151065309e-17,448,448,0,-5.6530837782615176e-05,0.011341080202300017,-3.0287804788523623e-07,5.1769904699138074e-12,1.9563183605388158e-09
1.6024787696698609e-17,2707,326.11701962161777,-2.5489984819348254e-10,-1.2070233858765258e-21,0,2.0112864244061737e-18,34.282869691633493,178.28088531056835,178.28088531056835,1.6958339365769873e-24,0.012489667887281048,0.012489667887281048,0,0,1.40134995764585e-17,449,449,0,-5.6574560664982225e-05,0.011562568582460889,-7.4074419698536071e-08,5.1339385433539477e-12,1.9614522990821699e-09
1.6023557647294937e-17,2713,324.40063974305036,-2.6037426585021648e-10,-1.2300494036734176e-21,0,1.9821512500470336e-18,33.679663528166586,178.28088531056835,178.28088531056835,1.2669553333898091e-24,0.0094077853253268975,0.0094077853253268975,0,0,1.4041405130292571e-17,450,450,0,-5.6112893451933437e-05,0.011913357099928124,8.7336512255020961e-08,5.1451601495731909e-12,1.9665974592317433e-09
1.6022294062257206e-17,2719,267.78006920921445,-2.6474234733514985e-10,-1.2635850377318658e-21,0,1.9625692142955941e-18,33.11093365241625,178.28088531056835,178.28088531056835,3.7732890995074173e-25,0.0028428324414688797,0.0028428324414688797,0,0,1.4059724470632703e-17,451,451,0,-5.5304131489694117e-05,0.012394093642462729,1.5876203512530386e-07,5.1752092488607248e-12,1.9717726684806038e-09
1.602101414927178e-17,2725,240.75600543943739,-2.6729237098854595e-10,-1.279912985424442e-21,0,1.9533628371533517e-18,33.055613698677313,178.28088531056835,178.28088531056835,-6.234223618729916e-25,0.0047690947599160005,-0.0047690947599160005,0,0,1.4067651935540792e-17,452,452,0,-5.4467216636178396e-05,0.012991127495880722,1.3202021854078947e-07,5.1722860833730523e-12,1.9769449545639768e-09
1.6019719524895547e-17,2731,234.17755161302054,-2.6949677804654906e-10,-1.2946243762342919e-21,0,1.9542444497850019e-18,33.572939801666941,178.28088531056835,178.28088531056835,-1.3763366550413979e-24,0.010628953426164094,-0.010628953426164094,0,0,1.4065476451447201e-17,453,453,0,-5.3953910914280762e-05,0.013687526621683141,1.873630917712641e-08,5.1837678747734614e-12,1.9821287224387503e-09
1.601840743195181e-17,2737,261.54782729111372,-2.7013257663388305e-10,-1.3120929437361338e-21,0,1.9656530896905249e-18,34.168962227598826,178.28088531056835,178.28088531056835,-1.6264082501778182e-24,0.012543264860512101,-0.012543264860512101,0,0,1.4052755968669535e-17,454,454,0,-5.4026612032614653e-05,0.01446400209326678,-1.5147291112716629e-07,5.2214290565333844e-12,1.9873501514952839e-09
1.601710129435462e-17,2743,322.93218982967352,-2.6848080405441645e-10,-1.3061375971920745e-21,0,1.9869588881550238e-18,34.866208468392081,178.28088531056835,178.28088531056835,-1.2808690531882985e-24,0.0097483488116034966,-0.0097483488116034966,0,0,1.4030143687068648e-17,455,455,0,-5.4747265320764853e-05,0.015286672429027577,-3.3173332907682681e-07,5.2122776853172206e-12,1.9925624291806009e-09
1.6015808197048681e-17,2749,351.41608238276672,-2.6760964872314442e-10,-1.2930973059386499e-21,0,2.0146250030337443e-18,35.804242963056744,178.28088531056835,178.28088531056835,-4.4653947831505374e-25,0.0033263532964200792,-0.0033263532964200792,0,0,1.4001183640554414e-17,456,456,0,-5.5934562382415556e-05,0.016124689254590416,-4.709337292326624e-07,5.1935221387959972e-12,1.9977559513193968e-09
1.601452581991785e-17,2755,365.16515356367978,-2.7018156537382157e-10,-1.2823771308309039e-21,0,2.0432704525121376e-18,36.733631830119435,178.28088531056835,178.28088531056835,5.8336859428929996e-25,0.0042475219299854565,0.0042475219299854565,0,0,1.3971254784037116e-17,457,457,0,-5.7226366720957059e-05,0.016943481090171256,-5.2522999198965404e-07,5.132279609481415e-12,2.0028882309288784e-09
1.6013238183785138e-17,2761,382.71160485921359,-2.7334551911616841e-10,-1.2876361327121883e-21,0,2.0690318564750715e-18,37.446925154541198,178.28088531056835,178.28088531056835,1.4306608442242652e-24,0.010235825509887176,0.010235825509887176,0,0,1.3944204896649221e-17,458,458,0,-5.8237480163962273e-05,0.017722530202507469,-4.7119142343746716e-07,5.0857476456455311e-12,2.0079739785745238e-09
1.6011945816804659e-17,2767,374.06898879038164,-2.7208036771751514e-10,-1.2923669804786239e-21,0,2.0900573015129054e-18,37.937786026432086,178.28088531056835,178.28088531056835,1.7694839516116838e-24,0.01256538265075615,0.01256538265075615,0,0,1.3921886745807802e-17,459,459,0,-5.8675887581808496e-05,0.018449440034859627,-3.0829345520091013e-07,5.0788773229043039e-12,2.0130528558974279e-09
1.6010680939793158e-17,2773,346.05062318696162,-2.6439259133736934e-10,-1.2648770115021706e-21,0,2.1052723895720694e-18,37.834385810338702,178.28088531056835,178.28088531056835,1.4625915742193989e-24,0.010431981025200494,0.010431981025200494,0,0,1.3905407087629515e-17,460,460,0,-5.8417778411650411e-05,0.019106181122888723,-6.2668843901983564e-08,5.0591004045441651e-12,2.0181119563019723e-09
1.6009484171037496e-17,2779,306.26436605842031,-2.5156027768306789e-10,-1.1967687556607478e-21,0,2.1142624357720631e-18,36.623210962230019,178.28088531056835,178.28088531056835,6.4953162121789808e-25,0.0047012970622825829,0.0047012970622825829,0,0,1.3895221085733813e-17,461,461,0,-5.7566703810015074e-05,0.019672325163987099,2.1551669087548968e-07,4.9918786180842676e-12,2.0231038349200567e-09
1.6008363695638097e-17,2785,286.29403228299532,-2.3632310194604214e-10,-1.1204753993997674e-21,0,2.1173312509877071e-18,34.592449186471654,178.28088531056835,178.28088531056835,-3.5435814047900004e-25,0.0026186140338702885,-0.0026186140338702885,0,0,1.3891032799008529e-17,462,462,0,-5.6384493205128242e-05,0.020138982170221,4.7502448643752968e-07,4.9703741738983791e-12,2.0280742090939551e-09
1.600730522944912e-17,2791,286.72302086063206,-2.2310068710961311e-10,-1.058466188975675e-21,0,2.1148889158637337e-18,32.589253007061394,178.28088531056835,178.28088531056835,-1.2056121429282012e-24,0.0091019889262184059,-0.0091019889262184059,0,0,1.389241751919753e-17,463,463,0,-5.5189958695697911e-05,0.020496172463263219,6.7617314642891565e-07,5.026923874480596e-12,2.0331011329684359e-09
1.6006292190048501e-17,2797,267.21854058893234,-2.1661331534658309e-10,-1.01303940062015e-21,0,2.1079402073634002e-18,31.367083177755564,178.28088531056835,178.28088531056835,-1.6176423022580789e-24,0.012412160460236459,-0.012412160460236459,0,0,1.3898353600327401e-17,464,464,0,-5.4303006160743538e-05,0.020723751330037746,7.9631455388394745e-07,5.0589056567012905e-12,2.038160038625137e-09
1.6005287711337921e-17,2803,255.05689158242185,-2.1749838450978802e-10,-1.0044787105791728e-21,0,2.098664493324771e-18,31.489844194926267,178.28088531056835,178.28088531056835,-1.4637378340468109e-24,0.011313026717382806,-0.011313026717382806,0,0,1.3906624681750983e-17,465,465,0,-5.3910485621734215e-05,0.020805573025909196,8.4237285075159431e-07,5.0866667132125546e-12,2.0432467053383496e-09
1.6004250884196832e-17,2809,266.06485751757128,-2.2122338233527343e-10,-1.0368271410880781e-21,0,2.0897853304530592e-18,32.874966131789151,178.28088531056835,178.28088531056835,-7.8375670727407232e-25,0.0060461215748988644,-0.0060461215748988644,0,0,1.391446633750048e-17,466,466,0,-5.4012359932220229e-05,0.020725897796706597,8.4242384832435547e-07,5.1802593784364326e-12,2.0484269647167859e-09
1.6003216058265439e-17,2815,275.67862533255095,-2.2239406997860273e-10,-1.0348259313950465e-21,0,2.0835723093815504e-18,34.528362910668214,178.28088531056835,178.28088531056835,1.7456155258437191e-25,0.0013366369836505174,0.0013366369836505174,0,0,1.3919643574322334e-17,467,467,0,-5.4415657454657678e-05,0.020479270739847261,8.2928959866238083e-07,5.0972873893948152e-12,2.0535242521061808e-09
1.6002198575249021e-17,2821,277.01956463505871,-2.1916216703559675e-10,-1.0174830164153091e-21,0,2.0802289886536245e-18,35.820564662960862,178.28088531056835,178.28088531056835,1.075389644594371e-24,0.0081717129427005871,0.0081717129427005871,0,0,1.3921968511205752e-17,468,468,0,-5.483293670774748e-05,0.020069882021928442,8.2081606304782409e-07,5.0375953864097877e-12,2.0585618474925907e-09
1.6001203954962602e-17,2827,267.46676322950509,-2.1375321440424856e-10,-9.9462028642112766e-22,0,2.0788999069504463e-18,36.678335561668277,178.28088531056835,178.28088531056835,1.6029858260473559e-24,0.012140420734135777,0.012140420734135777,0,0,1.3922302445026328e-17,469,469,0,-5.5015454198848455e-05,0.019501767640117278,8.1071157831603158e-07,5.040417214649004e-12,2.0636022647072395e-09
1.6000237171413932e-17,2833,232.42500072455471,-2.1006531630752149e-10,-9.6678354866939456e-22,0,2.0785938789152588e-18,37.106135559391802,178.28088531056835,178.28088531056835,1.5597499284621271e-24,0.011854122804443265,0.011854122804443265,0,0,1.3921641732748744e-17,470,470,0,-5.482445341995607e-05,0.018793482331614639,7.743765202825936e-07,5.0209821800650385e-12,2.0686232468873045e-09
1.5999288104379567e-17,2839,256.0434709430279,-2.10105522971143e-10,-9.4906703436310222e-22,0,2.07858245748157e-18,37.346215198169133,178.28088531056835,178.28088531056835,9.7595606468196646e-25,0.0074909616536315664,0.0074909616536315664,0,0,1.3920704670941932e-17,471,471,0,-5.4285201164636143e-05,0.017975358455821443,6.8482530684179288e-07,4.9744242270467273e-12,2.0735976711143514e-09
1.5998328941887337e-17,2845,293.62202496823278,-2.1283491976628288e-10,-9.5916249223285459e-22,0,2.078475758627543e-18,37.640644472635095,178.28088531056835,178.28088531056835,6.9179898463093509e-26,0.00053827872566163679,0.00053827872566163679,0,0,1.3919853114079896e-17,472,472,0,-5.3550245103044435e-05,0.01706961507576548,5.2713661394650219e-07,4.9907780325806074e-12,2.0785884491469318e-09
1.5997343564376436e-17,2851,314.65433831135095,-2.1624269684503197e-10,-9.8537751090024011e-22,0,2.0780660390199687e-18,37.739852222412651,178.28088531056835,178.28088531056835,-8.4631845603666388e-25,0.0066721657377767007,-0.0066721657377767007,0,0,1.3919278371674923e-17,473,473,0,-5.2851308536718912e-05,0.016105541671626498,3.0572752421467308e-07,5.0475071105443905e-12,2.0836359562574762e-09
1.599633974775784e-17,2857,323.07256560034932,-2.189886048201593e-10,-1.0038166185963202e-21,0,2.0773813066277812e-18,37.496576657519682,178.28088531056835,178.28088531056835,-1.4525343230423971e-24,0.011541177013444958,-0.011541177013444958,0,0,1.3918959893664381e-17,474,474,0,-5.2440286973879365e-05,0.015132882731961233,4.6087879613367778e-08,5.0622665010495367e-12,2.0886982227585257e-09
1.5995318094078504e-17,2863,310.76091285881722,-2.204772968898714e-10,-1.021653679335285e-21,0,2.0768147881633689e-18,37.223585837965658,178.28088531056835,178.28088531056835,-1.5504893323182634e-24,0.012309873666851393,-0.012309873666851393,0,0,1.3918504856404467e-17,475,475,0,-5.2481222739036506e-05,0.014190450030692518,-2.2204925953267776e-07,5.1023896921817751e-12,2.0938006124507074e-09
1.5994270921477397e-17,2869,275.05917470912203,-2.2122970948314904e-10,-1.0471726011072285e-21,0,2.076721165045236e-18,36.980781100433227,178.28088531056835,178.28088531056835,-1.0857380434053425e-24,0.0085352668773989553,-0.0085352668773989553,0,0,1.3917550842170206e-17,476,476,0,-5.3002543203094977e-05,0.013309919578597696,-4.7563929367184755e-07,5.2078192104945013e-12,2.099008431661202e-09
1.5993224268375225e-17,2875,299.44287390224736,-2.2256242970890599e-10,-1.0466531021720191e-21,0,2.0770213508971466e-18,36.744129055972365,178.28088531056835,178.28088531056835,-2.074249555626599e-25,0.00160541290047815,-0.00160541290047815,0,0,1.3916203124903034e-17,477,477,0,-5.3834789039026946e-05,0.012550714151898373,-6.9222737731820117e-07,5.1816466754412976e-12,2.1041900783366435e-09
1.5992170221310428e-17,2881,307.65686840786736,-2.2390994947707747e-10,-1.0540470647992124e-21,0,2.0777691174873152e-18,36.70094058003,178.28088531056835,178.28088531056835,7.7658175834295865e-25,0.0059170554850571161,0.0059170554850571161,0,0,1.3914400327241352e-17,478,478,0,-5.4685262536390999e-05,0.011933458439460136,-8.6379798343332976e-07,5.1798654784362973e-12,2.1093699438150797e-09
1.5991123157590368e-17,2887,281.03177373481714,-2.2224247772744163e-10,-1.0470637200573876e-21,0,2.0794918162934732e-18,36.847657003933314,178.28088531056835,178.28088531056835,1.4877318055026766e-24,0.011223904040954831,0.011223904040954831,0,0,1.3911629853565091e-17,479,479,0,-5.5229290096511445e-05,0.011473306167431979,-9.7995137168847582e-07,5.1438454886218168e-12,2.1145137893037014e-09
1.5990109632099902e-17,2893,249.12326622284027,-2.1670781242912682e-10,-1.0135254904661568e-21,0,2.0819019314254893e-18,37.007072733420408,178.28088531056835,178.28088531056835,1.6500286048725415e-24,0.012444940728230094,0.012444940728230094,0,0,1.3908206050645808e-17,480,480,0,-5.5244290327318015e-05,0.011168734933760584,-1.0301607230009904e-06,5.0727028192450957e-12,2.1195864921229466e-09
1.5989134547724042e-17,2899,268.54735848053053,-2.1100453752264698e-10,-9.7508437586113776e-22,0,2.0832040824843126e-18,36.672550745435828,178.28088531056835,178.28088531056835,1.2184122407388763e-24,0.0092829128613208158,0.0092829128613208158,0,0,1.3905929246827489e-17,481,481,0,-5.468884331446141e-05,0.011002897357446468,-1.008063573303698e-06,5.0302176137475461e-12,2.124616709736694e-09
1.5988176262935668e-17,2905,273.28686013611224,-2.084180355026157e-10,-9.5828478837356778e-22,0,2.0816982049907714e-18,35.485479996526131,178.28088531056835,178.28088531056835,3.6546920838891801e-25,0.0028361623878617051,0.0028361623878617051,0,0,1.3906477692475688e-17,482,482,0,-5.3691861044478913e-05,0.010955963170980101,-9.13641859330334e-07,5.0552598015774572e-12,2.1296719695382715e-09
1.5987222437816695e-17,2911,288.69690726282295,-2.0775439387887258e-10,-9.5382511897131859e-22,0,2.0774310959757287e-18,34.053622385937707,178.28088531056835,178.28088531056835,-5.8463914094228076e-25,0.0046366930885254412,-0.0046366930885254412,0,0,1.3909791926480109e-17,483,483,0,-5.2537366051217544e-05,0.011010104430777955,-7.5696594564777728e-07,5.0725476639346116e-12,2.1347445172022062e-09
1.5986277652431421e-17,2917,273.32338276458779,-2.0554362276245704e-10,-9.4478538527488315e-22,0,2.0719848834769141e-18,32.929929351647253,178.28088531056835,178.28088531056835,-1.2934671371921187e-24,0.01044957285652209,-0.01044957285652209,0,0,1.3914294062421645e-17,484,484,0,-5.1575757966016733e-05,0.011147430225680832,-5.577962524401119e-07,5.0593353957730125e-12,2.1398038525979791e-09
1.5985347370619424e-17,2923,229.01018895671874,-1.998810077595517e-10,-9.3028181199589224e-22,0,2.0670909200068774e-18,32.265158118197313,178.28088531056835,178.28088531056835,-1.5403543039077669e-24,0.012564180424748134,-0.012564180424748134,0,0,1.3918257990966852e-17,485,485,0,-5.1082861881780751e-05,0.011356010388438349,-3.3600513518388957e-07,5.0893848304346669e-12,2.1448932374284137e-09
1.5984454302400501e-17,2929,206.61600457726229,-1.9082528531742215e-10,-8.9306821892547379e-22,0,2.0640391500441577e-18,32.646325898605788,178.28088531056835,178.28088531056835,-1.2505632977097771e-24,0.010179744097534943,-0.010179744097534943,0,0,1.3920416402919641e-17,486,486,0,-5.1186752409469338e-05,0.011626674573619362,-1.1100243655436316e-07,5.0916190221017323e-12,2.1499848564505157e-09
1.5983619241611878e-17,2935,242.95393882363709,-1.7929048463606731e-10,-8.3506078862441007e-22,0,2.0632437807140129e-18,33.757066506554622,178.28088531056835,178.28088531056835,-5.2045509102479977e-25,0.0041864932954162274,-0.0041864932954162274,0,0,1.3920375981352953e-17,487,487,0,-5.1799029073901472e-05,0.011952340413045418,1.0405719013643041e-07,5.0648346179996809e-12,2.1550496910685155e-09
1.5982849711060534e-17,2941,273.26319316012427,-1.6850818221967176e-10,-7.6953055134188558e-22,0,2.0640114929371932e-18,34.68244205650538,178.28088531056835,178.28088531056835,4.0772488958675902e-25,0.0032262011890340008,0.0032262011890340008,0,0,1.3918837810398453e-17,488,488,0,-5.2658021216647081e-05,0.012327403326390674,3.0176418716490542e-07,5.0199425407096017e-12,2.1600696336092249e-09
1.598211976906101e-17,2947,286.87382291847564,-1.6354762133997274e-10,-7.2994199952471298e-22,0,2.0651346963950814e-18,35.381880846534656,178.28088531056835,178.28088531056835,1.222053657761018e-24,0.0095263267441995422,0.0095263267441995422,0,0,1.391698385061227e-17,489,489,0,-5.3450720066580301e-05,0.012753203545306275,4.7944604637695494e-07,5.0320204119752085e-12,2.1651016540212e-09
1.5981387900122413e-17,2953,250.32470964843253,-1.6661211184374081e-10,-7.3186893859651064e-22,0,2.0660901395450556e-18,35.824012469487755,178.28088531056835,178.28088531056835,1.6169486411233211e-24,0.012498930827589948,0.012498930827589948,0,0,1.3915296143628716e-17,490,490,0,-5.3902898556779452e-05,0.013232217429901992,6.3086941895774237e-07,5.0827589108446915e-12,2.1701844129320447e-09
1.5980625302633897e-17,2959,236.50051661477218,-1.7417052990507052e-10,-7.6259748851590741e-22,0,2.0675003190294833e-18,36.000497349014296,178.28088531056835,178.28088531056835,1.4218916104777843e-24,0.010997249811240471,0.010997249811240471,0,0,1.3913123561712802e-17,491,491,0,-5.3872999874350303e-05,0.013760780770616047,7.4286061571362248e-07,5.0991017487921303e-12,2.1752835146808369e-09
1.5979821281016006e-17,2965,234.97163797768832,-1.8138164010148993e-10,-8.0402161789075248e-22,0,2.0700299126306589e-18,36.289078411047058,178.28088531056835,178.28088531056835,7.0799821173334406e-25,0.0055218901550170285,0.0055218901550170285,0,0,1.3909790660387137e-17,492,492,0,-5.3423600725037978e-05,0.014337122666368832,8.0277753518222505e-07,5.1160822837042296e-12,2.1803995969645411e-09
1.5978997101583601e-17,2971,232.6354989302427,-1.8661279882103571e-10,-8.2417943240526354e-22,0,2.073140431870407e-18,36.449742705841118,178.28088531056835,178.28088531056835,-2.3297132184243405e-25,0.0018384045396823783,-0.0018384045396823783,0,0,1.3905856902684514e-17,493,493,0,-5.2801971495303635e-05,0.014945179520244307,8.0297279108695879e-07,5.0407993576302247e-12,2.1854403963221713e-09
1.5978153283275887e-17,2977,234.68889552316949,-1.9057525392114352e-10,-8.4381830771278293e-22,0,2.0755852945442365e-18,36.270385514355581,178.28088531056835,178.28088531056835,-1.0712380296316007e-24,0.0085329120926821451,-0.0085329120926821451,0,0,1.3902569059969681e-17,494,494,0,-5.2309126610637952e-05,0.015581886919125661,7.4473263040420236e-07,5.0227177905523722e-12,2.1904631141127237e-09
1.5977292367012778e-17,2983,244.42375201674534,-1.938087290634115e-10,-8.6091626310849773e-22,0,2.07593965485846e-18,36.074931013743125,178.28088531056835,178.28088531056835,-1.5347711201286368e-24,0.012249456293882705,-0.012249456293882705,0,0,1.3901354246925438e-17,495,495,0,-5.2205416418323291e-05,0.016235500700988927,6.3674507427174226e-07,5.0200762855662828e-12,2.1954831903982898e-09
1.597642375813017e-17,2989,254.46156963118122,-1.9655844000166309e-10,-8.686088826105309e-22,0,2.0729340593254939e-18,35.828878668700945,178.28088531056835,178.28088531056835,-1.4799582459728354e-24,0.01172072940578125,-0.01172072940578125,0,0,1.3903491178762922e-17,496,496,0,-5.2611851003992686e-05,0.01688265290517401,4.9766357978198361e-07,4.9757803605433126e-12,2.200458970758833e-09
1.5975545966174922e-17,2995,238.98435886122783,-1.9876677807374624e-10,-8.777919552470441e-22,0,2.0658819803216997e-18,35.531109895399865,178.28088531056835,178.28088531056835,-9.2389115661970006e-25,0.0071996452314003461,-0.0071996452314003461,0,0,1.3909664909744377e-17,497,497,0,-5.3468557994011792e-05,0.017505685095676966,3.5034978714775815e-07,4.9569990029936509e-12,2.2054159697618266e-09
1.597465679708231e-17,3001,232.67649717633674,-1.9975008086822397e-10,-8.8916909261040113e-22,0,2.0549479637579776e-18,35.460954293295202,178.28088531056835,178.28088531056835,-2.6128575920730568e-26,0.00019950215491582998,-0.00019950215491582998,0,0,1.391970885945291e-17,498,498,0,-5.4570371123186003e-05,0.018085946456714543,2.1755427655074528e-07,4.9773549506905529e-12,2.2103933247125172e-09
1.5973768754109978e-17,3007,212.93618664593455,-1.9827138479544239e-10,-8.8804297233301724e-22,0,2.0414640830190762e-18,35.52135228256018,178.28088531056835,178.28088531056835,9.1654263981717045e-25,0.0068669360124891639,0.0068669360124891639,0,0,1.3932303754548261e-17,499,499,0,-5.5613270008002099e-05,0.018595723708277067,1.1514154558384084e-07,4.9756870291320815e-12,2.2153690117416494e-09
1.5972900662894085e-17,3013,216.81615442638741,-1.9339369531658726e-10,-8.6809121589302043e-22,0,2.027420975599514e-18,35.593239760676212,178.28088531056835,178.28088531056835,1.5632513485229018e-24,0.011567465013702486,0.011567465013702486,0,0,1.3945478124043221e-17,500,500,0,-5.6309202386091155e-05,0.019009193003367949,4.0344242672696664e-08,4.9527278298031955e-12,2.2203217395714525e-09
1.5972059304888449e-17,3019,205.10070729047419,-1.8598938678528809e-10,-8.413580056351703e-22,0,2.0142952424724009e-18,35.602100727687805,178.28088531056835,178.28088531056835,1.6718513378179074e-24,0.012331505696924783,0.012331505696924783,0,0,1.3957762390564712e-17,501,501,0,-5.6489835159697882e-05,0.019309387124933849,-3.0561150096449034e-08,4.9845216115335994e-12,2.2253062611829861e-09
1.5971248782731501e-17,3025,219.33958921579946,-1.7795942994970281e-10,-8.1052215694938111e-22,0,2.0032571122368753e-18,35.269734487861726,178.28088531056835,178.28088531056835,1.1850202408686813e-24,0.0087958137276217072,0.0087958137276217072,0,0,1.3967990485474384e-17,502,502,0,-5.6135617349951837e-05,0.019478864580961208,-1.3287523378973485e-07,5.0412707393076457e-12,2.2303475319222935e-09
1.5970478493067791e-17,3031,196.98611723114624,-1.6965138228747544e-10,-7.7028966370774849e-22,0,1.9957644672535747e-18,34.734040869850034,178.28088531056835,178.28088531056835,2.868445726062482e-25,0.0021570888376770052,0.0021570888376770052,0,0,1.3974713738969645e-17,503,503,0,-5.5407348010729378e-05,0.019505834961952368,-2.9544837592351843e-07,5.049529846671929e-12,2.2353970617689655e-09
1.5969755754927664e-17,3037,222.68772386224438,-1.6058560947573528e-10,-7.2273814012968641e-22,0,1.993046442063815e-18,34.297362412573221,178.28088531056835,178.28088531056835,-6.8290522634318209e-25,0.005212286513366568,-0.005212286513366568,0,0,1.3976709995769073e-17,504,504,0,-5.4590982974587629e-05,0.019392913198113124,-5.219490633174792e-07,5.0277188494757638e-12,2.2404247806184414e-09
1.5969075912193799e-17,3043,241.2851970581851,-1.5237483609434878e-10,-6.7984273386573396e-22,0,1.9954428953232939e-18,33.937139263359605,178.28088531056835,178.28088531056835,-1.3955596583821221e-24,0.010773055734822165,-0.010773055734822165,0,0,1.3973634412430163e-17,505,505,0,-5.3975696896578494e-05,0.019150948449024818,-7.8770011830659321e-07,5.0450928805379087e-12,2.2454698734989791e-09
1.596842443538208e-17,3049,241.0093941030313,-1.4816680719910559e-10,-6.5147681171800422e-22,0,2.002613869189447e-18,33.890491215158129,178.28088531056835,178.28088531056835,-1.6183072605546802e-24,0.012539435396261171,-0.012539435396261171,0,0,1.3965812184499892e-17,506,506,0,-5.3773927660143622e-05,0.018796639936037758,-1.043062099248579e-06,5.0786742645999307e-12,2.2505485477635789e-09
1.5967784001676481e-17,3055,227.24602971136602,-1.4869948492236943e-10,-6.4043370559849623e-22,0,2.0139812119061146e-18,34.308232763463046,178.28088531056835,178.28088531056835,-1.2773679468204137e-24,0.0098486124851712552,-0.0098486124851712552,0,0,1.3953804067138314e-17,507,507,0,-5.4041789674439161e-05,0.018357382716200601,-1.2279023097107953e-06,5.0650257960210289e-12,2.2556135735595999e-09
1.5967137051900312e-17,3061,229.82776249781728,-1.5143212386698737e-10,-6.4694977616737853e-22,0,2.0289333966894272e-18,34.830356464874384,178.28088531056835,178.28088531056835,-4.8421333582560943e-25,0.003691640430758598,-0.003691640430758598,0,0,1.3938204139424222e-17,508,508,0,-5.4652006439476588e-05,0.017861372176009509,-1.2999235808099298e-06,5.0466778383495533e-12,2.2606602513979493e-09
1.5966473453058606e-17,3067,216.82437589516098,-1.5371120568810616e-10,-6.635988417070647e-22,0,2.0466191305804071e-18,35.296924661342111,178.28088531056835,178.28088531056835,5.0532977977681508e-25,0.0038034010745961106,0.0038034010745961106,0,0,1.3919853817148418e-17,509,509,0,-5.5359419313774759e-05,0.017330805287262319,-1.245612120744213e-06,5.0733366403938954e-12,2.2657335880383431e-09
1.5965797644831968e-17,3073,209.92657458771063,-1.5447697394626419e-10,-6.7580822664002952e-22,0,2.0656313883490468e-18,35.618901610196467,178.28088531056835,178.28088531056835,1.3379902468262305e-24,0.0099777438991555684,0.0099777438991555684,0,0,1.3900164918492672e-17,510,510,0,-5.5873947238177061e-05,0.016788789080389114,-1.0798470092143332e-06,5.1086995570447051e-12,2.2708422875953877e-09
1.5965122098576065e-17,3079,200.16082405386479,-1.542762051051547e-10,-6.7554625590285051e-22,0,2.0840936749319785e-18,35.623740433120773,178.28088531056835,178.28088531056835,1.686164188389259e-24,0.01255430581567578,0.01255430581567578,0,0,1.3881026737479897e-17,511,511,0,-5.5962346476567913e-05,0.01625988587438866,-8.4216753975440878e-07,5.1064128628927322e-12,2.2759487004582806e-09
1.5964458129323053e-17,3085,174.03300930128106,-1.5467837165340584e-10,-6.6396925301197265e-22,0,2.1000790208059147e-18,35.630992225952717,178.28088531056835,178.28088531056835,1.4237094425034466e-24,0.010677343826918024,0.010677343826918024,0,0,1.3864377684807695e-17,512,512,0,-5.5558037403800217e-05,0.015767689638288951,-5.8276382495389803e-07,5.0196548779935476e-12,2.2809683553362742e-09
1.596379367235752e-17,3091,185.14427778274293,-1.5708258320691911e-10,-6.6445696553215758e-22,0,2.1126730104729051e-18,35.960568801285802,178.28088531056835,178.28088531056835,6.7742686475432219e-25,0.0051532248251364822,0.0051532248251364822,0,0,1.385111998445775e-17,513,513,0,-5.4773700590571388e-05,0.015317451175880244,-3.3610652937072702e-07,4.9658700750905211e-12,2.2859342254113647e-09
1.5963112891202331e-17,3097,181.22018674385154,-1.6116253384140424e-10,-6.8078115518941857e-22,0,2.1217867336144065e-18,36.471080095891907,178.28088531056835,178.28088531056835,-2.7431925851498622e-25,0.0021229675451929319,-0.0021229675451929319,0,0,1.3841326431907182e-17,514,514,0,-5.3839584739177181e-05,0.014908777796225322,-1.1924099896830133e-07,4.9614203169650881e-12,2.2908956457283296e-09
1.5962417509523277e-17,3103,191.08331730272673,-1.6395000431715944e-10,-6.9538167905259183e-22,0,2.1279478533101666e-18,37.123486554395917,178.28088531056835,178.28088531056835,-1.1011870926553373e-24,0.0086486334576216396,-0.0086486334576216396,0,0,1.3834470757400204e-17,515,515,0,-5.3052075512465089e-05,0.014543827671308015,6.3207088413079565e-08,4.9363228276552043e-12,2.2958319685559848e-09
1.5961724218758751e-17,3109,217.53444711733249,-1.6294913771449905e-10,-6.9329076452735227e-22,0,2.1316330503094447e-18,37.852639620271219,178.28088531056835,178.28088531056835,-1.5469034382042141e-24,0.012238432132617435,-0.012238432132617435,0,0,1.3830092715352744e-17,516,516,0,-5.2665496059209109e-05,0.014222277683521752,2.1842037400590925e-07,4.8817287446554097e-12,2.3007136973006404e-09
1.5961044156420206e-17,3115,236.28730635560342,-1.5935774674121965e-10,-6.8006233854530644e-22,0,2.1324588444346127e-18,38.197531382048076,178.28088531056835,178.28088531056835,-1.4945667572570044e-24,0.011792887998269722,-0.011792887998269722,0,0,1.3828586806552349e-17,517,517,0,-5.2806076759848121e-05,0.013938240294373048,3.5980890387416975e-07,4.8721849615520688e-12,2.3055858822621925e-09
1.5960379033273271e-17,3121,224.25883189196514,-1.5648839459199984e-10,-6.6512314693397654e-22,0,2.1294682439577266e-18,37.910377029703525,178.28088531056835,178.28088531056835,-9.5490474645952797e-25,0.0074428544885443149,-0.0074428544885443149,0,0,1.383091174422029e-17,518,518,0,-5.3457578447066871e-05,0.013688606213021244,4.9605619975581548e-07,4.893763465519775e-12,2.3104796457277122e-09
1.5959725278957235e-17,3127,218.25823222989163,-1.5629062055340426e-10,-6.5375431603653441e-22,0,2.1223637475376569e-18,37.271846837270523,178.28088531056835,178.28088531056835,-8.6791725861178146e-26,0.00066424613637739458,-0.00066424613637739458,0,0,1.3837361618211304e-17,519,519,0,-5.4442498237245404e-05,0.013475978781036234,6.2494984154938112e-07,4.8668438413997924e-12,2.3153464895691118e-09
1.5959070159202989e-17,3133,213.52087115690986,-1.5795003013319832e-10,-6.5511975424541445e-22,0,2.1120077769528904e-18,36.491637912966226,178.28088531056835,178.28088531056835,8.3875165042684553e-25,0.0062982114387916807,0.0062982114387916807,0,0,1.3847061543498449e-17,520,520,0,-5.5488745930648102e-05,0.013301586905819406,7.3570295675448807e-07,4.8405193792460583e-12,2.3201870089483579e-09
1.5958402524644485e-17,3139,209.18407122508705,-1.5938632454632369e-10,-6.6763455850408768e-22,0,2.0997980632584579e-18,35.637749025269407,178.28088531056835,178.28088531056835,1.5194307861170027e-24,0.011239827999058219,0.011239827999058219,0,0,1.385860294195524e-17,521,521,0,-5.6326143152288474e-05,0.013165956709358224,8.1059282767514566e-07,4.8767655310959244e-12,2.3250637744794538e-09
1.5957730409105777e-17,3145,229.14210677909969,-1.5867540856832667e-10,-6.7211553870650561e-22,0,2.0872193682711767e-18,35.000990597671489,178.28088531056835,178.28088531056835,1.6985753048861752e-24,0.012473739720912366,0.012473739720912366,0,0,1.3870509342259297e-17,522,522,0,-5.6738374072620649e-05,0.013072304125600133,8.2706544861369063e-07,4.9012983638122534e-12,2.329965072843266e-09
1.5957072080980012e-17,3151,251.13830553864267,-1.5504828434924547e-10,-6.5832812576612679e-22,0,2.0752073711069757e-18,34.666985713167584,178.28088531056835,178.28088531056835,1.3026900107442982e-24,0.0095800601275600385,0.0095800601275600385,0,0,1.3881863407183025e-17,523,523,0,-5.6658047783598305e-05,0.013021974265621442,7.6833667421576742e-07,4.8781398205985049e-12,2.3348432126638646e-09
1.5956435671053132e-17,3157,257.21219620812485,-1.4924786195227395e-10,-6.364099268805348e-22,0,2.0638093749579774e-18,34.354475963172519,178.28088531056835,178.28088531056835,4.7309575301435374e-25,0.0035080456474146844,0.0035080456474146844,0,0,1.3892625822999401e-17,524,524,0,-5.6191751828528942e-05,0.013012814655045548,6.2877221342624807e-07,4.8921439171260504e-12,2.3397353565809908e-09
1.5955825170385329e-17,3163,249.30273457774905,-1.426632366609638e-10,-6.1050066780488631e-22,0,2.0529236233276548e-18,34.061893762215838,178.28088531056835,178.28088531056835,-5.0721379254201641e-25,0.0038029605462400373,-0.0038029605462400373,0,0,1.3902902054271466e-17,525,525,0,-5.5572251580314092e-05,0.013042323285359819,4.1613666083519474e-07,4.945291778970681e-12,2.3446806483599614e-09
1.5955246501020637e-17,3169,229.46021611895233,-1.3643126176317005e-10,-5.7866936468967019e-22,0,2.0429687795218653e-18,34.010209553703092,178.28088531056835,178.28088531056835,-1.3007006832338319e-24,0.0098356209486149676,-0.0098356209486149676,0,0,1.3912279022199454e-17,526,526,0,-5.510161695388767e-05,0.013107013738425152,1.5908387861278244e-07,4.9550077019448698e-12,2.3496356560619063e-09
1.5954696959512254e-17,3175,199.50978064718288,-1.3118158698964091e-10,-5.4954150838195531e-22,0,2.0346183110312376e-18,34.170117815627194,178.28088531056835,178.28088531056835,-1.654191110614113e-24,0.012525440362668526,-0.012525440362668526,0,0,1.3920080302672128e-17,527,527,0,-5.5027709695870681e-05,0.013203017976080502,-1.0129688714373667e-07,4.9512370776998494e-12,2.354586893139606e-09
1.5954165976933996e-17,3181,175.45399103229175,-1.2709070883944565e-10,-5.3098257825833744e-22,0,2.0283782525904252e-18,34.503733975068236,178.28088531056835,178.28088531056835,-1.4540549970463637e-24,0.01092372537592083,-0.01092372537592083,0,0,1.3925789178398568e-17,528,528,0,-5.5462420366657897e-05,0.013328922543511562,-3.2528429080726254e-07,5.0073522128135702e-12,2.3595942453524198e-09
1.5953646175895573e-17,3187,157.0469610586095,-1.2439093464430967e-10,-5.1980103842342659e-22,0,2.0243592661831811e-18,35.033855303147647,178.28088531056835,178.28088531056835,-7.3468638472859245e-25,0.0054327616323756149,-0.0054327616323756149,0,0,1.3929287644398777e-17,529,529,0,-5.6346909304047002e-05,0.013484160898150474,-4.775888841557988e-07,5.0818907862915076e-12,2.3646761361387113e-09
1.5953135429209581e-17,3193,163.30353726924253,-1.2392994723373623e-10,-5.1074668599248436e-22,0,2.0220198284303898e-18,35.582424215931987,178.28088531056835,178.28088531056835,2.7451340635974672e-25,0.0019916839440359798,0.0019916839440359798,0,0,1.3931115326265785e-17,530,530,0,-5.7429084732836736e-05,0.013665773609810271,-5.3790074709595806e-07,5.0781687407002253e-12,2.3697543048794116e-09
1.5952623483432706e-17,3199,181.40136464468571,-1.2610671500912826e-10,-5.1194577687594135e-22,0,2.0204396956571752e-18,35.962564579756624,178.28088531056835,178.28088531056835,1.2150861322852115e-24,0.0086726757587426932,0.0086726757587426932,0,0,1.3932182572689398e-17,531,531,0,-5.8377126337438822e-05,0.013872310783884491,-5.1302381205847194e-07,5.0471502136949719e-12,2.3748014550931067e-09
1.5952094727368393e-17,3205,197.91549781936939,-1.2997839988405818e-10,-5.2875606431205852e-22,0,2.0189423050144253e-18,36.125731911781195,178.28088531056835,178.28088531056835,1.7398558010605793e-24,0.012304862708481008,0.012304862708481008,0,0,1.3933150682498166e-17,532,532,0,-5.8914913094450411e-05,0.014106038558561795,-4.3009919098800919e-07,5.0656054801244135e-12,2.3798670605732313e-09
1.5951544504875337e-17,3211,201.97930955518015,-1.3383618067513992e-10,-5.5022249305547739e-22,0,2.0172705889955427e-18,36.070165787230735,178.28088531056835,178.28088531056835,1.6345307323181953e-24,0.011563992057092558,0.011563992057092558,0,0,1.3934272281349063e-17,533,533,0,-5.8894408473903318e-05,0.014367289265575629,-3.3051841677461729e-07,5.0802778510505967e-12,2.384947338424282e-09
1.5950980696443784e-17,3217,200.77225495048913,-1.3624039703551229e-10,-5.6380843155256301e-22,0,2.0154583844690063e-18,35.729421628244346,178.28088531056835,178.28088531056835,9.4284186156237553e-25,0.0067300915205893656,0.0067300915205893656,0,0,1.3935521369132918e-17,534,534,0,-5.8372278363366302e-05,0.014653716552856364,-2.6163718579737936e-07,5.0552718150566161e-12,2.3900026102393386e-09
1.5950411321313558e-17,3223,226.47598562777785,-1.3650343699472461e-10,-5.6937513022632898e-22,0,2.0137770571128267e-18,35.033212558650888,178.28088531056835,178.28088531056835,-6.577497578740977e-26,0.00047592546445370616,-0.00047592546445370616,0,0,1.3936634329975709e-17,535,535,0,-5.7585151369981469e-05,0.014965505667747148,-2.6166768029474803e-07,5.0515533568611576e-12,2.3950541635961998e-09
1.5949843384422572e-17,3229,245.33690890357505,-1.3518370297996612e-10,-5.6793689098612542e-22,0,2.0127080264280302e-18,34.252235540845234,178.28088531056835,178.28088531056835,-1.0292224588949715e-24,0.0075419547464829033,-0.0075419547464829033,0,0,1.3937136387217001e-17,536,536,0,-5.6860947277114416e-05,0.015302654184346752,-3.4949121201940366e-07,5.0747913320610924e-12,2.4001289549282608e-09
1.5949284652333766e-17,3235,262.61079935777929,-1.3398764380484943e-10,-5.5873208880690719e-22,0,2.0127578049062755e-18,33.806323134837768,178.28088531056835,178.28088531056835,-1.6161372261434802e-24,0.011914978041537202,-0.011914978041537202,0,0,1.3936528463564717e-17,537,537,0,-5.6516303139242033e-05,0.015658734801462428,-5.1400585376815197e-07,5.056887367596183e-12,2.4051858422958569e-09
1.5948732911299324e-17,3241,263.28173729606448,-1.3447651759923097e-10,-5.517410344422e-22,0,2.0143317786233989e-18,33.845162741370778,178.28088531056835,178.28088531056835,-1.6464322057111037e-24,0.012094375732767882,-0.012094375732767882,0,0,1.3934402779108129e-17,538,538,0,-5.6721689006860058e-05,0.01602509112501627,-7.1473160726429948e-07,5.0120011848149995e-12,2.4101978434806719e-09
1.5948175041422637e-17,3247,265.42725505493905,-1.3665119721387171e-10,-5.5786987668688608e-22,0,2.0178834560450635e-18,34.413232427915304,178.28088531056835,178.28088531056835,-1.1132423850751339e-24,0.0080729846598277359,-0.0080729846598277359,0,0,1.3930292698619958e-17,539,539,0,-5.7457187561541794e-05,0.016395467968609332,-8.9825160379095304e-07,5.0107695854641674e-12,2.4152086130661362e-09
1.5947603334940541e-17,3253,264.27979895888836,-1.3911014825590803e-10,-5.7170648209605334e-22,0,2.0237129291978148e-18,35.27472670432676,178.28088531056835,178.28088531056835,-1.7100917526812278e-25,0.0012173463541141449,-0.0012173463541141449,0,0,1.3923890576751901e-17,540,540,0,-5.8532087263024106e-05,0.016759730691514173,-1.0116742958931596e-06,5.0312769974829878e-12,2.4202398900636193e-09
1.5947024315585328e-17,3259,250.09999775069323,-1.4037445770120135e-10,-5.7901935521392524e-22,0,2.0315011852085039e-18,36.029878831020653,178.28088531056835,178.28088531056835,8.6359941434400125e-25,0.0060345330916371032,0.0060345330916371032,0,0,1.3915522266777407e-17,541,541,0,-5.9628986011995006e-05,0.017101706686445371,-1.0208269517340448e-06,5.0085466053871601e-12,2.4252484366690063e-09
1.5946447488308324e-17,3265,226.46713212235932,-1.3968733962372068e-10,-5.7682727700219037e-22,0,2.0403535947307677e-18,36.610571761604461,178.28088531056835,178.28088531056835,1.6201141767613673e-24,0.011169276034933803,0.011169276034933803,0,0,1.3906092273463379e-17,542,542,0,-6.0437898708904785e-05,0.017408207404109182,-9.2571990283188977e-07,4.9746166111570978e-12,2.4302230532801633e-09
1.5945879045294597e-17,3271,194.69870741532944,-1.3674917829399751e-10,-5.6844301372655613e-22,0,2.049084298025904e-18,36.892806977103973,178.28088531056835,178.28088531056835,1.8195302059120018e-24,0.012476812797858656,0.012476812797858656,0,0,1.3896792927738486e-17,543,543,0,-6.0763722120383754e-05,0.017670939601971854,-7.5485982814028076e-07,4.9881331959331499e-12,2.4352111864760965e-09
1.5945329218824216e-17,3277,166.05362553184736,-1.3153698854542494e-10,-5.4982647038031376e-22,0,2.0564519040480082e-18,36.770445532502649,178.28088531056835,178.28088531056835,1.3757315974848175e-24,0.0094641832491528001,0.0094641832491528001,0,0,1.3888875939044613e-17,544,544,0,-6.0567455623143663e-05,0.017880620853759435,-5.5484803709385087e-07,5.013558657771306e-12,2.4402247451338676e-09
1.5944811431710106e-17,3283,162.17449529656085,-1.2511627928336683e-10,-5.177871141114346e-22,0,2.0615397722269645e-18,36.506846904921346,178.28088531056835,178.28088531056835,4.6002591462764587e-25,0.0031947450688330999,0.0031947450688330999,0,0,1.3883271199457225e-17,545,545,0,-5.9997733871809522e-05,0.018028316123400667,-3.7460758575422007e-07,4.9904671286311179e-12,2.4452152122624985e-09
1.5944327073900184e-17,3289,157.92183570242591,-1.1928393490035413e-10,-4.8435780992117825e-22,0,2.064124191441809e-18,36.174381910477315,178.28088531056835,178.28088531056835,-5.9031744518643238e-25,0.0041456648782808711,-0.0041456648782808711,0,0,1.388020347277582e-17,546,546,0,-5.9330797202059381e-05,0.018110638954335553,-2.4157702344083192e-07,4.9694074461372213e-12,2.4501846197086358e-09
1.5943866872485158e-17,3295,162.95108465353607,-1.1494085774423986e-10,-4.6020141502615244e-22,0,2.0647457465718662e-18,35.77934660603735,178.28088531056835,178.28088531056835,-1.426088628905189e-24,0.010094809066898408,-0.010094809066898408,0,0,1.3879122552001921e-17,547,547,0,-5.8862291642995554e-05,0.018126456132408555,-1.5496517586791015e-07,4.9978743473399928e-12,2.4551824940559758e-09
1.5943424239792048e-17,3301,187.62000703222802,-1.1164069399211484e-10,-4.4263269311199756e-22,0,2.0644663954961695e-18,35.458029959391318,178.28088531056835,178.28088531056835,-1.7727192596881303e-24,0.012556828257438693,-0.012556828257438693,0,0,1.3878959617015136e-17,548,548,0,-5.8823216319189716e-05,0.018075032908513502,-9.1739783203950836e-08,5.0173602793445906e-12,2.4601998543353204e-09
1.5942998044899501e-17,3307,202.01505593125816,-1.0848527209683751e-10,-4.2619489254566171e-22,0,2.0642141690116319e-18,35.074101012543402,178.28088531056835,178.28088531056835,-1.5154057520959742e-24,0.010650703730859624,-0.010650703730859624,0,0,1.3878785391293621e-17,549,549,0,-5.9284257578557981e-05,0.017958070449609131,-1.8138776325868093e-08,5.0125957992925658e-12,2.4652124501346129e-09
1.5942588257486991e-17,3313,214.57758227613533,-1.0539900774179614e-10,-4.0978741251248985e-22,0,2.0642771992487729e-18,34.741123502590405,178.28088531056835,178.28088531056835,-7.267098897227979e-25,0.0050355264899234163,-0.0050355264899234163,0,0,1.3878311784948106e-17,550,550,0,-6.0131902392071986e-05,0.017778128957920657,9.2764580289967855e-08,5.0181272344994041e-12,2.4702305773691121e-09
1.594218988008738e-17,3319,202.15239829333368,-1.0358324446951478e-10,-3.9837739960818277e-22,0,2.0643390025721273e-18,34.599740956333122,178.28088531056835,178.28088531056835,3.4959473728902082e-25,0.0023834550877747823,0.0023834550877747823,0,0,1.3877850527920517e-17,551,551,0,-6.1114838965339581e-05,0.017537209914347537,2.4812752033190313e-07,5.0520962093671101e-12,2.4752826735784791e-09
1.5941796643624714e-17,3325,163.51335082328842,-1.0444509450501483e-10,-3.9323646266646281e-22,0,2.0639710249509835e-18,34.39064931161532,178.28088531056835,178.28088531056835,1.3265494205212038e-24,0.0089282516392789873,0.0089282516392789873,0,0,1.3877824292124311e-17,552,552,0,-6.1907856940956172e-05,0.017243061949376488,4.2579750218660136e-07,5.0206318387670097e-12,2.480303305417246e-09
1.594139032498372e-17,3331,171.61558518694588,-1.0842486981457152e-10,-4.063186409926984e-22,0,2.0632680147979947e-18,34.399435348135576,178.28088531056835,178.28088531056835,1.8477855132542686e-24,0.012365871594532157,0.012365871594532157,0,0,1.3878120462400212e-17,553,553,0,-6.2260927152416355e-05,0.016898572325536199,5.8624696243239972e-07,5.0404547246107076e-12,2.4853437601418567e-09
1.5940957838369572e-17,3337,223.13583727744583,-1.1452036353518943e-10,-4.3248661415002361e-22,0,2.0629911629332098e-18,34.793483230157122,178.28088531056835,178.28088531056835,1.7055455850466733e-24,0.011452096707855066,0.011452096707855066,0,0,1.3877964969890775e-17,554,554,0,-6.205361445139162e-05,0.016510501459032982,6.8153337325065875e-07,5.0524903719541863e-12,2.4903962505138107e-09
1.5940496784386019e-17,3343,211.21755156725359,-1.2056677606563456e-10,-4.6105398355289834e-22,0,2.0642082134145078e-18,35.131742438357143,178.28088531056835,178.28088531056835,9.628958899876223e-25,0.0065386794529017321,0.0065386794529017321,0,0,1.387628760807562e-17,555,555,0,-6.1358967619997763e-05,0.016090141027682466,6.7607658351690286e-07,5.0197588824923861e-12,2.4954160093963032e-09
1.5940011336093399e-17,3349,201.17589792825905,-1.2438419028109313e-10,-4.8544829261991746e-22,0,2.0678096909691588e-18,35.592026987349101,178.28088531056835,178.28088531056835,-9.2691860161917811e-26,0.00063935931711251337,-0.00063935931711251337,0,0,1.38722017378161e-17,556,556,0,-6.0406734315240759e-05,0.015644735739935883,5.6300792872700183e-07,5.0103631317312794e-12,2.5004263725280343e-09
1.5939512433211956e-17,3355,194.14635630244399,-1.2476853877260067e-10,-4.9890288144183719e-22,0,2.0739308829495319e-18,36.228022768895983,178.28088531056835,178.28088531056835,-1.0913836610110499e-24,0.0076429021173577147,-0.0076429021173577147,0,0,1.3865582641646084e-17,557,557,0,-5.9498759123890971e-05,0.015180141036494586,3.6504571717264604e-07,5.0501872238644203e-12,2.5054765597518986e-09
1.5939017945369578e-17,3361,182.77994439041706,-1.2235673222363596e-10,-4.9448784237563522e-22,0,2.0814203351120058e-18,36.645225485031638,178.28088531056835,178.28088531056835,-1.6919317291505472e-24,0.01196181237247974,-0.01196181237247974,0,0,1.3857599302189303e-17,558,558,0,-5.8935179039804884e-05,0.01471010728198547,1.3225521384330327e-07,5.0724654344260138e-12,2.5105490251863248e-09
1.5938540922871389e-17,3367,205.99383888145871,-1.1914559456615984e-10,-4.7702249819318711e-22,0,2.0882249364069857e-18,36.95472507242097,178.28088531056835,178.28088531056835,-1.701202786855358e-24,0.012035392354545624,-0.012035392354545624,0,0,1.3850317687667189e-17,559,559,0,-5.8895836017836506e-05,0.014252615173822061,-7.4083995518449225e-08,5.0526161612060178e-12,2.5156016413475307e-09
1.5938081700902537e-17,3373,226.16920992589428,-1.1694121935109521e-10,-4.5922196885255463e-22,0,2.0923075438556468e-18,37.068979439610793,178.28088531056835,178.28088531056835,-1.1261858891171569e-24,0.007903987510763778,-0.007903987510763778,0,0,1.3845775283232779e-17,560,560,0,-5.9368024029244358e-05,0.013823968897932536,-2.0645807811191844e-07,5.0160691402443263e-12,2.520617710487775e-09
1.593762726213241e-17,3379,237.40597897001007,-1.1683000667260991e-10,-4.5443877012550144e-22,0,2.0922882173754239e-18,36.858601814300783,178.28088531056835,178.28088531056835,-1.4272122168019125e-25,0.00098820327438425555,-0.00098820327438425555,0,0,1.3845339187478208e-17,561,561,0,-6.0177068060313661e-05,0.013434229096387758,-2.4591373566923116e-07,5.0386749665990426e-12,2.5256563854543741e-09
1.5937164548191295e-17,3385,238.24756007924989,-1.1883943901637365e-10,-4.6271394111441279e-22,0,2.0876668763932265e-18,36.694495718539464,178.28088531056835,178.28088531056835,9.2799209287198749e-25,0.0063348311612349559,0.0063348311612349559,0,0,1.3849496743805976e-17,562,562,0,-6.1037676015142348e-05,0.0130969864105142,-2.0049883280182256e-07,5.0851759201667134e-12,2.5307415613745407e-09
1.5936690168016493e-17,3391,229.17566106849415,-1.2135175523162147e-10,-4.7438017480069905e-22,0,2.0790338543932438e-18,36.527142627704123,178.28088531056835,178.28088531056835,1.68537426426817e-24,0.011394422644781445,0.011394422644781445,0,0,1.3857654628248986e-17,563,563,0,-6.1630088567960384e-05,0.012828686800487829,-1.0422564380105541e-07,5.0857152065490978e-12,2.5358272765810899e-09
1.5936209154294432e-17,3397,219.18023192204316,-1.2195758944915497e-10,-4.8101372206142301e-22,0,2.0677595121488385e-18,36.258523253271704,178.28088531056835,178.28088531056835,1.8352793312722905e-24,0.01238636086218186,0.01238636086218186,0,0,1.3868447806866262e-17,564,564,0,-6.1737239038379241e-05,0.012639602074842686,-4.9123036125577833e-09,5.0659370872284958e-12,2.5408932136683185e-09
1.5935732492107158e-17,3403,213.14194577523298,-1.1930155081319112e-10,-4.7666218727578976e-22,0,2.0552704040427291e-18,36.110920126299014,178.28088531056835,178.28088531056835,1.3203983252452166e-24,0.0089722777865558247,0.0089722777865558247,0,0,1.3880460767666102e-17,565,565,0,-6.1318427933227887e-05,0.012534494490333082,5.3554162189799778e-08,5.0774612412314267e-12,2.5459706749095497e-09
1.5935273470941367e-17,3409,211.5716290736278,-1.1369377995944456e-10,-4.5902116579156874e-22,0,2.0426662419081212e-18,35.874454912946184,178.28088531056835,178.28088531056835,3.3117755724831874e-25,0.0022803612664810437,0.0022803612664810437,0,0,1.3892606897855687e-17,566,566,0,-6.0512626171056181e-05,0.012516548955460895,4.1125576275517237e-08,5.1323768582371508e-12,2.5511030517677869e-09
1.5934852524473034e-17,3415,217.1257813155228,-1.0670792270474995e-10,-4.209464683296573e-22,0,2.0311502911865088e-18,35.43743726940491,178.28088531056835,178.28088531056835,-7.3997922220273507e-25,0.0051705107101080268,-0.0051705107101080268,0,0,1.3903702973265748e-17,567,567,0,-5.9631377479794125e-05,0.012584787018061566,-4.8728831891512528e-08,5.0806239531643351e-12,2.5561836757209513e-09
1.5934470416640286e-17,3421,227.05279482900301,-9.9783859523584689e-11,-3.8210783275031901e-22,0,2.0214745407905003e-18,34.953869710634365,178.28088531056835,178.28088531056835,-1.5214053344549521e-24,0.010743979765829734,-0.010743979765829734,0,0,1.391299739725512e-17,568,568,0,-5.9002241550379743e-05,0.012732046397870204,-1.9665186007785451e-07,5.0381644258034611e-12,2.5612218401467546e-09
1.5934126395170357e-17,3427,228.20182168606007,-9.365303208231927e-11,-3.4402146992928739e-22,0,2.0142347376709499e-18,34.411748866404679,178.28088531056835,178.28088531056835,-1.7732284916264267e-24,0.012553290221682179,-0.012553290221682179,0,0,1.3919893430727898e-17,569,569,0,-5.8856697471082836e-05,0.012946313940898159,-3.6388357126959157e-07,4.9498634457265556e-12,2.5661717035924811e-09
1.5933814284180775e-17,3433,217.45949118960417,-8.8532773860617238e-11,-3.1211098958109328e-22,0,2.0095270253523635e-18,33.981805871571872,178.28088531056835,178.28088531056835,-1.4465628450113339e-24,0.010174433048285761,-0.010174433048285761,0,0,1.3924288705391257e-17,570,570,0,-5.9240108603006229e-05,0.013215063220189106,-5.0715961347016525e-07,4.8718195436867866e-12,2.5710435231361678e-09
1.5933524077705505e-17,3439,202.96763613744977,-8.5181237228377607e-11,-2.9020647527212399e-22,0,2.0070510266405561e-18,33.850829263073095,178.28088531056835,178.28088531056835,-6.4416377851777098e-25,0.0044708126248297481,-0.0044708126248297481,0,0,1.3926473695228724e-17,571,571,0,-6.0034181010350583e-05,0.01352928042113356,-5.8907311305215138e-07,4.8569141536814074e-12,2.5759004372898491e-09
1.5933243201886133e-17,3445,180.88135571472526,-8.5071733391628669e-11,-2.8087581937108952e-22,0,2.0062560022515236e-18,33.945252942050601,178.28088531056835,178.28088531056835,3.9072591403886464e-25,0.002669307653431026,0.002669307653431026,0,0,1.3926986808908696e-17,572,572,0,-6.0990520884195962e-05,0.013876792169493269,-5.8293896262688278e-07,4.8399162054071331e-12,2.5807403534952563e-09
1.5932955202914637e-17,3451,148.73029136603625,-8.8958799777999717e-11,-2.8799897149661769e-22,0,2.0065000461811185e-18,34.223114542561937,178.28088531056835,178.28088531056835,1.3172487729056701e-24,0.0088803419611750371,0.0088803419611750371,0,0,1.3926453839484745e-17,573,573,0,-6.1805463998715083e-05,0.014242374834314259,-4.8421636400621237e-07,4.7808507503692523e-12,2.5855212042456256e-09
1.5932641489129467e-17,3457,135.0289701640823,-9.6048756173988381e-11,-3.137137851686241e-22,0,2.0074220634060236e-18,34.649887287763775,178.28088531056835,178.28088531056835,1.8330415146408896e-24,0.012270489937474247,0.012270489937474247,0,0,1.3925217592681928e-17,574,574,0,-6.2244238140350208e-05,0.01461819523452593,-3.1088042673318341e-07,4.7627201163866004e-12,2.5902839243620124e-09
1.5932289062818627e-17,3463,142.60326146745501,-1.0446601710608282e-10,-3.5242631083869739e-22,0,2.0089789725442783e-18,35.012665825758837,178.28088531056835,178.28088531056835,1.7595796790981152e-24,0.011789864518543856,0.011789864518543856,0,0,1.392330833069467e-17,575,575,0,-6.2185464342730121e-05,0.014998251698225898,-9.8868509267110016e-08,4.7814712705915859e-12,2.5950653956326038e-09
1.5931899086654694e-17,3469,170.7866676551258,-1.1195013695883354e-10,-3.8997616393488596e-22,0,2.0112685796162204e-18,35.19825289800503,178.28088531056835,178.28088531056835,1.1256310294331724e-24,0.0076058048575836402,0.0076058048575836402,0,0,1.3920629381407443e-17,576,576,0,-6.1665127848098061e-05,0.015371682766394784,1.0068982820118739e-07,4.7523111468151093e-12,2.5998177067794188e-09
1.5931481565081565e-17,3475,174.31757329503307,-1.1677731135065477e-10,-4.1752157312664794e-22,0,2.0145305333240485e-18,35.375533686509044,178.28088531056835,178.28088531056835,1.5791860165784329e-25,0.001081031535317597,0.001081031535317597,0,0,1.3916950873838916e-17,577,577,0,-6.0867250591426467e-05,0.015733285992077111,2.410528496491073e-07,4.7239580680415084e-12,2.6045416648474601e-09
1.5931047123476893e-17,3481,218.97444713750042,-1.1858093869084075e-10,-4.3444160467391348e-22,0,2.0189057355441528e-18,35.543729622623452,178.28088531056835,178.28088531056835,-8.3809663862087536e-25,0.0058158615948156059,-0.0058158615948156059,0,0,1.3912142226029378e-17,578,578,0,-6.0043886372713997e-05,0.016083078357757137,2.9133371759796321e-07,4.7520020689164125e-12,2.6092936669163764e-09
1.5930609090486393e-17,3487,244.71791326953345,-1.1810930493885607e-10,-4.380329905009454e-22,0,2.0242180278060393e-18,35.534803254166562,178.28088531056835,178.28088531056835,-1.5549882682968543e-24,0.010896016729351449,-0.010896016729351449,0,0,1.3906392617668622e-17,579,579,0,-5.9463177650145567e-05,0.01641542028894314,2.4142601950228405e-07,4.7590783291353612e-12,2.6140527452455116e-09
1.5930179862179318e-17,3493,240.13539298695807,-1.1585325738627425e-10,-4.2922830707147621e-22,0,2.0303212136624504e-18,35.546529598132928,178.28088531056835,178.28088531056835,-1.7870974724719414e-24,0.012554750532632573,-0.012554750532632573,0,0,1.389986043561434e-17,580,580,0,-5.9310134831257168e-05,0.016723746747710412,1.1026657057302449e-07,4.728566236897223e-12,2.6187813114824088e-09
1.5929765744229241e-17,3499,276.88178333612234,-1.1176634221148846e-10,-4.141179500798533e-22,0,2.037192592325244e-18,35.679288655334034,178.28088531056835,178.28088531056835,-1.4751796829608327e-24,0.010308586205327,-0.010308586205327,0,0,1.389257462708368e-17,581,581,0,-5.9625848684931799e-05,0.017006191871369113,-6.3039909350360781e-08,4.7394539496884052e-12,2.6235207654320973e-09
1.5929372393055698e-17,3505,253.13495303769974,-1.0658861374747555e-10,-3.9335117354191425e-22,0,2.0445132858011401e-18,35.675676194381808,178.28088531056835,178.28088531056835,-6.968413007358352e-25,0.0048142782879710888,-0.0048142782879710888,0,0,1.3884859804095861e-17,582,582,0,-6.0310294628888368e-05,0.01725753213359223,-2.2977060341776754e-07,4.7648575932969356e-12,2.6282856230253942e-09
1.5929005130536581e-17,3511,191.89282751388987,-1.0152033798808772e-10,-3.6726251911754777e-22,0,2.051741550539317e-18,35.669752925143193,178.28088531056835,178.28088531056835,3.1642364520116999e-25,0.0021566204259175132,0.0021566204259175132,0,0,1.3877263263573618e-17,583,583,0,-6.1134163395666207e-05,0.017468196025411088,-3.443150265144838e-07,4.7380508968400066e-12,2.6330236739222341e-09
1.5928661843485865e-17,3517,201.43325210047672,-9.7055141299729352e-11,-3.4328705071490711e-22,0,2.0583762671818672e-18,35.772619205406933,178.28088531056835,178.28088531056835,1.2529881282843435e-24,0.008443240998562869,0.008443240998562869,0,0,1.3870284323315871e-17,584,584,0,-6.1833884271957608e-05,0.017631881015629548,-3.8255059339576596e-07,4.7267999047688557e-12,2.6377504738270029e-09
1.5928336202165279e-17,3523,190.71324467520057,-9.3562788026170771e-11,-3.2564132058809949e-22,0,2.0637786322494537e-18,35.649657440469127,178.28088531056835,178.28088531056835,1.81015770598854e-24,0.01212821046111888,0.01212821046111888,0,0,1.3864555759758118e-17,585,585,0,-6.2188265936942777e-05,0.017742469211637732,-3.4495335609653923e-07,4.7678496243023324e-12,2.6425183234513053e-09
1.592802323952705e-17,3529,171.79046784570892,-9.1580497997895018e-11,-3.1296263822780834e-22,0,2.0672849788781631e-18,35.421002454715335,178.28088531056835,178.28088531056835,1.7853097014859047e-24,0.011984022047759595,0.011984022047759595,0,0,1.3860736475339185e-17,586,586,0,-6.2072569569783913e-05,0.017791853978236474,-2.5579806297469379e-07,4.7786350001525686e-12,2.6472969584514578e-09
1.5927717202000107e-17,3535,140.77763078125179,-9.111423259994422e-11,-3.0603752694478222e-22,0,2.0685864680145083e-18,35.367175076742832,178.28088531056835,178.28088531056835,1.1894154788465096e-24,0.0080558033158331238,0.0080558033158331238,0,0,1.3859129544570118e-17,587,587,0,-6.1519598160854851e-05,0.017775242124392326,-1.5376570132825084e-07,4.7686934794810486e-12,2.6520656519309388e-09
1.5927410326216395e-17,3541,150.77964473846342,-9.1632062449065988e-11,-3.068757837100393e-22,0,2.0677711090477722e-18,35.303367016243854,178.28088531056835,178.28088531056835,2.2200225129594876e-25,0.0015241137293314172,0.0015241137293314172,0,0,1.3859638995166373e-17,588,588,0,-6.0691624423960847e-05,0.017689876441909502,-7.4602231475020444e-08,4.8106234895944568e-12,2.6568762754205333e-09
1.5927097779501103e-17,3547,136.43021562779097,-9.2587345014826255e-11,-3.1254671529291275e-22,0,2.0653896720176053e-18,35.307990691388582,178.28088531056835,178.28088531056835,-7.9861285317214603e-25,0.0055603904599620261,-0.0055603904599620261,0,0,1.386170890609635e-17,589,589,0,-5.9843882886407276e-05,0.017535229533365951,-4.0726686822999913e-08,4.8579845417064017e-12,2.6617342599622396e-09
1.5926781562326547e-17,3553,144.26125169275448,-9.3109792569174073e-11,-3.1621717455504496e-22,0,2.0624011217145834e-18,35.502031942624384,178.28088531056835,178.28088531056835,-1.5397332123851022e-24,0.010827229352621051,-0.010827229352621051,0,0,1.3864381980345176e-17,590,590,0,-5.9253894442009428e-05,0.017317236204451639,-5.0943209442519524e-08,4.8588843888804765e-12,2.6665931443511201e-09
1.5926467899298222e-17,3559,139.59607075722263,-9.184527157572726e-11,-3.1366302832397813e-22,0,2.0597951264921842e-18,35.641097538032483,178.28088531056835,178.28088531056835,-1.7806152116089244e-24,0.012551627308709916,-0.012551627308709916,0,0,1.386667455342125e-17,591,591,0,-5.9109706382183357e-05,0.017045119754409113,-8.1110111698915269e-08,4.8652913936522064e-12,2.6714584357447723e-09
1.5926164041813911e-17,3565,150.6555627728774,-8.8483340872343488e-11,-3.0385748431268727e-22,0,2.0582337363593012e-18,35.751600195578916,178.28088531056835,178.28088531056835,-1.4428042635246205e-24,0.010109519299678132,-0.010109519299678132,0,0,1.3867931748258874e-17,592,592,0,-5.9465581430190555e-05,0.01672859503581612,-9.5948148385828061e-08,4.9215307717620588e-12,2.6763799665165343e-09
1.5925877472722192e-17,3571,142.89746755723158,-8.4612865958489756e-11,-2.8656909171920009e-22,0,2.0578089588180601e-18,35.906236648795314,178.28088531056835,178.28088531056835,-6.116755341573457e-25,0.0042323435936026665,-0.0042323435936026665,0,0,1.3868069125579666e-17,593,593,0,-6.0218363718017935e-05,0.016384596235224536,-6.2691083011671557e-08,4.9530768051845866e-12,2.6813330433217189e-09
1.5925608667195658e-17,3577,129.86814829976643,-8.2199325356508552e-11,-2.6880552653166822e-22,0,2.0581586914921369e-18,36.031534959445978,178.28088531056835,178.28088531056835,4.4988224601441801e-25,0.0030667814404021047,0.0030667814404021047,0,0,1.3867449525821276e-17,594,594,0,-6.1123017561575394e-05,0.016033437311497731,3.1782037822877104e-08,4.9426152203054046e-12,2.6862756585420243e-09
1.5925348175365894e-17,3583,136.64134730746241,-8.2107373196410977e-11,-2.6049182976613863e-22,0,2.0588706341382882e-18,36.176364700745893,178.28088531056835,178.28088531056835,1.3819512405793328e-24,0.0093038602015236942,0.0093038602015236942,0,0,1.3866476159276365e-17,595,595,0,-6.1889689272620401e-05,0.015692954292472833,1.7369851477413248e-07,4.9178498264414846e-12,2.6911935083684659e-09
1.5925081692613915e-17,3589,160.07073910322933,-8.4308113506868666e-11,-2.6648275197872254e-22,0,2.0596370725343934e-18,36.245506238918431,178.28088531056835,178.28088531056835,1.8578589208095649e-24,0.012428414462805432,0.012428414462805432,0,0,1.3865442762220601e-17,596,596,0,-6.2285328992446883e-05,0.015374827711399551,3.2929120811398511e-07,4.9325590111108822e-12,2.6961260673795765e-09
1.5924800500976487e-17,3595,158.5030825485901,-8.8048296438176474e-11,-2.8119163742811351e-22,0,2.0602805205094845e-18,36.214750356526082,178.28088531056835,178.28088531056835,1.6973914824834749e-24,0.011372069955173054,0.011372069955173054,0,0,1.386451828307552e-17,597,597,0,-6.2191531869083025e-05,0.015091340006385694,4.5306994232912987e-07,4.9239364995901636e-12,2.7010500038791668e-09
1.5924502691604273e-17,3601,165.47843111036548,-9.1925697302300073e-11,-2.9780937221357754e-22,0,2.0606538193613716e-18,36.168491118520144,178.28088531056835,178.28088531056835,9.6929614587558703e-25,0.0065501039711681154,0.0065501039711681154,0,0,1.3863847902946755e-17,598,598,0,-6.1659081427197288e-05,0.014849955187181898,5.0493445673940489e-07,4.8834006699662574e-12,2.705933404549133e-09
1.5924188534919345e-17,3607,169.68333700540649,-9.493486409689147e-11,-3.14156684928005e-22,0,2.0604595201835313e-18,35.982895837291338,178.28088531056835,178.28088531056835,-6.388590182940371e-26,0.00043729892522341478,-0.00043729892522341478,0,0,1.3863729078621715e-17,599,599,0,-6.0871692626823985e-05,0.0146496366160857,4.6226069832220069e-07,4.8844677679740466e-12,2.7108178723171072e-09
1.5923860915705933e-17,3613,181.89295202225458,-9.683347317366269e-11,-3.2761921341140378e-22,0,2.0593168452827611e-18,35.68447471316798,178.28088531056835,178.28088531056835,-1.0555051834450973e-24,0.0073193139896400063,-0.0073193139896400063,0,0,1.3864545125928356e-17,600,600,0,-6.0086754996065673e-05,0.014486896882330043,3.2170979970112363e-07,4.9165171566361689e-12,2.7157343894737436e-09
1.5923527964676579e-17,3619,198.53213396868884,-9.7423596405172651e-11,-3.3295102935419735e-22,0,2.0570115429431153e-18,35.402468008193082,178.28088531056835,178.28088531056835,-1.6791281965758553e-24,0.011745067585906042,-0.011745067585906042,0,0,1.3866518100861661e-17,601,601,0,-5.9568558755017199e-05,0.014357812536064387,1.0508618414894651e-07,4.9045740175999036e-12,2.7206389634913434e-09
1.5923199056855785e-17,3625,205.60266469209816,-9.6352472399263035e-11,-3.289078207934507e-22,0,2.0536585623904785e-18,35.163413750675858,178.28088531056835,178.28088531056835,-1.7518571773601636e-24,0.012272914919358184,-0.012272914919358184,0,0,1.3869542246322484e-17,602,602,0,-5.9475723197270809e-05,0.014255848335922101,-1.4551328989687592e-07,4.8590773795846708e-12,2.7254980408709282e-09
1.5922879765141244e-17,3631,207.82005332536181,-9.3804928718611751e-11,-3.1929171453989209e-22,0,2.0495172763963796e-18,35.083769172790859,178.28088531056835,178.28088531056835,-1.2610055134830143e-24,0.0087843944043521985,-0.0087843944043521985,0,0,1.3873363749750379e-17,603,603,0,-5.9812770211140935e-05,0.014173256629362441,-3.8368704588320575e-07,4.8601425547161967e-12,2.7303581834256443e-09
1.5922573432891728e-17,3637,208.86996608105193,-9.0945671886612514e-11,-3.0633224951809534e-22,0,2.0448263497505054e-18,35.147816779806334,178.28088531056835,178.28088531056835,-3.4774610838537991e-25,0.0023973216035437523,-0.0023973216035437523,0,0,1.3877747430887331e-17,604,604,0,-6.0440039255913967e-05,0.014105164660188442,-5.6428149535323809e-07,4.8760436408917446e-12,2.7352342270665362e-09
1.5922280391895964e-17,3643,200.82587309075603,-8.9061798430799274e-11,-2.9304099576271768e-22,0,2.0399290777628407e-18,35.27553579071617,178.28088531056835,178.28088531056835,6.9442269216139135e-25,0.0047355190523523201,0.0047355190523523201,0,0,1.3882350619710431e-17,605,605,0,-6.1100543615551047e-05,0.014049838810409035,-6.5486842484949346e-07,4.8444455859243121e-12,2.7400786726524605e-09
1.5921995763028518e-17,3649,188.11070273855103,-8.8143311908766494e-11,-2.8462886744749109e-22,0,2.035285818745302e-18,35.46377574627089,178.28088531056835,178.28088531056835,1.5220062221232021e-24,0.010307903107120207,0.010307903107120207,0,0,1.3886708422276994e-17,606,606,0,-6.1522625176816564e-05,0.014006937125308224,-6.4873314903198968e-07,4.8208183900607794e-12,2.7448994910425213e-09
1.5921714726554736e-17,3655,175.75384948403226,-8.7235249144283361e-11,-2.8103647378355223e-22,0,2.0313814523367395e-18,35.563138171804084,178.28088531056835,178.28088531056835,1.8540215317826667e-24,0.012560605241343508,0.012560605241343508,0,0,1.3890331420196464e-17,607,607,0,-6.1502527683398992e-05,0.013977802974896456,-5.614430276358932e-07,4.8467584568466419e-12,2.7497462494993679e-09
1.5921438751505151e-17,3661,173.33952628059745,-8.5714052877038905e-11,-2.7597504958284437e-22,0,2.0286759959723894e-18,35.558945698129044,178.28088531056835,178.28088531056835,1.5679385197075904e-24,0.010716218167831111,0.010716218167831111,0,0,1.3892761187594244e-17,608,608,0,-6.0964391197857136e-05,0.013965711617095262,-4.2679141620009737e-07,4.8569390173802177e-12,2.754603188516748e-09
1.5921173626074441e-17,3667,152.1983589480744,-8.3475492020850381e-11,-2.6512543070942804e-22,0,2.0273712261860421e-18,35.539647741395584,178.28088531056835,178.28088531056835,7.7906077068953891e-25,0.0054091094304884076,0.0054091094304884076,0,0,1.3893801620827629e-17,609,609,0,-6.0011478529954328e-05,0.013974221413893767,-2.874186756568061e-07,4.8272656790414617e-12,2.7594304541957897e-09
1.5920922090134003e-17,3673,154.92086393333329,-8.0644826927266054e-11,-2.5153594043826851e-22,0,2.0273680961075191e-18,35.420482875120314,178.28088531056835,178.28088531056835,-2.3392008487318362e-25,0.0016554527810134637,-0.0016554527810134637,0,0,1.3893554227946568e-17,610,610,0,-5.8876159530666966e-05,0.014006724510546438,-1.779687665865913e-07,4.8341603946114881e-12,2.7642646145904014e-09
1.5920682969831151e-17,3679,141.01235791355793,-7.8044571021247909e-11,-2.391203028519518e-22,0,2.0284474556599734e-18,35.270328622828544,178.28088531056835,178.28088531056835,-1.1428431815991567e-24,0.0082301918952269147,-0.0082301918952269147,0,0,1.3892236657014359e-17,611,611,0,-5.7858269292054077e-05,0.014066587549062995,-1.1802063334055977e-07,4.8749962929826347e-12,2.7691396108833842e-09
1.5920454138771975e-17,3685,135.97780440484996,-7.6479584772742496e-11,-2.2883105917857013e-22,0,2.0303067208470895e-18,35.169492073017977,178.28088531056835,178.28088531056835,-1.6619069476840591e-24,0.01209481197253969,-0.01209481197253969,0,0,1.3890149079831832e-17,612,612,0,-5.7252748515152685e-05,0.014155048956209672,-1.0730456622111584e-07,4.8741432699716506e-12,2.7740137541533557e-09
1.592023279164314e-17,3691,117.16052163356559,-7.562559586014876e-11,-2.2134712883468333e-22,0,2.0326320117313539e-18,35.068416673703446,178.28088531056835,178.28088531056835,-1.6457775350000047e-24,0.01198349334522277,-0.01198349334522277,0,0,1.3887602425689321e-17,613,613,0,-5.7223767713553581e-05,0.014271457102679467,-1.2536581570358371e-07,4.8633226775859817e-12,2.7788770768309417e-09
1.5920015742648911e-17,3697,134.4608250628425,-7.4837668470601024e-11,-2.1704899422825154e-22,0,2.0351020598240524e-18,35.103102887309689,178.28088531056835,178.28088531056835,-1.0969394344533535e-24,0.0079124352449054646,-0.0079124352449054646,0,0,1.3884914779764293e-17,614,614,0,-5.7764529318964729e-05,0.01441458932453998,-1.4080991545903694e-07,4.8912824972582937e-12,2.7837683593281998e-09
1.5919800978174883e-17,3703,132.65220578775555,-7.4418832353873396e-11,-2.1476447402734586e-22,0,2.0372468691859833e-18,35.275419236014301,178.28088531056835,178.28088531056835,-1.6891584313619667e-25,0.0011990707364235883,-0.0011990707364235883,0,0,1.3882554277904743e-17,615,615,0,-5.8696788411944483e-05,0.014580228312903754,-1.2144291340334802e-07,4.9048223529021283e-12,2.7886731816811021e-09
1.5919586845326719e-17,3709,139.65088047486265,-7.4937905603854592e-11,-2.1413284816553342e-22,0,2.0387249375167258e-18,35.427490864384836,178.28088531056835,178.28088531056835,8.4695423488908368e-25,0.0059091221723025777,0.0059091221723025777,0,0,1.3880861060855757e-17,616,616,0,-5.9720815982511266e-05,0.014762375151893974,-4.6566763689285531e-08,4.9012952530451445e-12,2.7935744769341473e-09
1.5919369967119089e-17,3715,140.94484353972112,-7.6268716457304469e-11,-2.1687820763006583e-22,0,2.039555257176883e-18,35.546395349827797,178.28088531056835,178.28088531056835,1.6057702588242689e-24,0.011054095051061858,0.011054095051061858,0,0,1.3879813104171946e-17,617,617,0,-6.0526975576545427e-05,0.014955036792655911,8.5043917125329543e-08,4.9052024931083152e-12,2.7984796794272554e-09
1.5919144280771136e-17,3721,185.27289760914729,-7.8249697679966375e-11,-2.256863479511411e-22,0,2.0399479393353517e-18,35.589011325452304,178.28088531056835,178.28088531056835,1.8281984300411548e-24,0.012509044531733833,0.012509044531733833,0,0,1.3879194513237354e-17,618,618,0,-6.0895885686405624e-05,0.015153424431016365,2.5419602965194144e-07,4.9523195846885696e-12,2.8034319990119438e-09
1.5918907348683571e-17,3727,181.59424728388223,-8.1049071520611897e-11,-2.3693208756633944e-22,0,2.0401358425941803e-18,35.620246583981192,178.28088531056835,178.28088531056835,1.4248329509101743e-24,0.009769974095632173,0.009769974095632173,0,0,1.3878770081256438e-17,619,619,0,-6.0765810676760352e-05,0.015347052970937556,4.1940449017973001e-07,4.8970220201450415e-12,2.8083290210320887e-09
1.5918656964404275e-17,3733,176.68347238237061,-8.4451866336983657e-11,-2.5038427929578794e-22,0,2.0402636701149645e-18,35.70118604856517,178.28088531056835,178.28088531056835,5.5498817162882205e-25,0.003836779787030582,0.003836779787030582,0,0,1.3878392739301137e-17,620,620,0,-6.0270613469574602e-05,0.015531087242581117,5.3949563505518613e-07,4.8614042352739518e-12,2.8131904252673626e-09
1.5918392205384042e-17,3739,199.30871352406226,-8.7479642044908519e-11,-2.6475902023331177e-22,0,2.0402520555726667e-18,35.697178132968439,178.28088531056835,178.28088531056835,-4.8191654517075254e-25,0.003366014054121045,-0.003366014054121045,0,0,1.3878140631727919e-17,621,621,0,-5.9654700562556583e-05,0.015702579136688963,5.8330687438040593e-07,4.8705247073349684e-12,2.8180609499746974e-09
1.5918114626375891e-17,3745,217.39748405520655,-8.9645054345046007e-11,-2.7757900814991244e-22,0,2.0398038121909559e-18,35.650827213244611,178.28088531056835,178.28088531056835,-1.341675131764087e-24,0.0094425855401828566,-0.0094425855401828566,0,0,1.3878312155860067e-17,622,622,0,-5.9203202610419445e-05,0.015857216988081773,5.3851865235880042e-07,4.8503481924195557e-12,2.8229112981671168e-09
1.5917828693723567e-17,3751,226.11727962951034,-9.1094387993099497e-11,-2.859326523249277e-22,0,2.0385498088097495e-18,35.536996285717365,178.28088531056835,178.28088531056835,-1.764289771335881e-24,0.012431655332890869,-0.012431655332890869,0,0,1.387928064920359e-17,623,623,0,-5.9132972912372399e-05,0.015992963466729238,4.1867846370434567e-07,4.8084225006179375e-12,2.8277197206677348e-09
1.5917540730978514e-17,3757,225.48005618543115,-9.1069743820638185e-11,-2.8796274505376801e-22,0,2.0363315513949988e-18,35.205398977695687,178.28088531056835,178.28088531056835,-1.6329647839195423e-24,0.011430024759926969,-0.011430024759926969,0,0,1.3881210812548298e-17,624,624,0,-5.9527604496950903e-05,0.016111462571175111,2.5355124458465449e-07,4.81736459982398e-12,2.8325370852675586e-09
1.5917259556396382e-17,3763,218.00200987027168,-8.8596328395051001e-11,-2.8117458213174387e-22,0,2.0333692568897466e-18,34.870468982776963,178.28088531056835,178.28088531056835,-9.786038878830283e-25,0.0067599278337534228,-0.0067599278337534228,0,0,1.3883891278110521e-17,625,625,0,-6.0318930908646434e-05,0.01621385035199489,8.1914169802886747e-08,4.8103742062054688e-12,2.837347459473764e-09
1.5916993545343948e-17,3769,206.31021775446175,-8.4344116055841503e-11,-2.6601105243080887e-22,0,2.030037287068018e-18,34.645720936655636,178.28088531056835,178.28088531056835,1.4658635145064129e-26,9.9620914112344113e-05,9.9620914112344113e-05,0,0,1.3886956243617297e-17,626,626,0,-6.1310064239076644e-05,0.016303206967798203,-6.3245888063286967e-08,4.8242103595399369e-12,2.8421716698333038e-09
1.5916750968950012e-17,3775,191.31922987563013,-7.9395839414492347e-11,-2.4257639393733165e-22,0,2.026890412769177e-18,34.418060822915628,178.28088531056835,178.28088531056835,1.033845795886038e-24,0.0069225550428982834,0.0069225550428982834,0,0,1.388985952233504e-17,627,627,0,-6.2226891508959236e-05,0.01638237614867594,-1.6421648523539867e-07,4.8206351771574534e-12,2.8469923050104611e-09
1.591653523729026e-17,3781,172.16134893270529,-7.4167471284835283e-11,-2.1573165975266614e-22,0,2.0245957600674396e-18,34.380417713510859,178.28088531056835,178.28088531056835,1.7330117940021032e-24,0.011495838426589369,0.011495838426589369,0,0,1.3891937744211025e-17,628,628,0,-6.2813012909994766e-05,0.016454020441112601,-2.2558448053185052e-07,4.7882102256458047e-12,2.8517805152361069e-09
1.5916342768862295e-17,3787,152.7537241632204,-6.9726906560094641e-11,-1.9246842796424228e-22,0,2.0235314550201909e-18,34.589449333160111,178.28088531056835,178.28088531056835,1.8743978572960119e-24,0.012412424791974887,0.012412424791974887,0,0,1.3892809439444246e-17,629,629,0,-6.2920752415082727e-05,0.016521036413205306,-2.7141830013588182e-07,4.7951595896000744e-12,2.8565756748257068e-09
1.5916165558615301e-17,3793,145.63409750743617,-6.7743393817381693e-11,-1.7721024699384688e-22,0,2.0238098014815698e-18,34.892830307236821,178.28088531056835,178.28088531056835,1.4060005879357444e-24,0.0093675121408128646,0.0093675121408128646,0,0,1.3892354351133143e-17,630,630,0,-6.2538865122382223e-05,0.016584404518253701,-3.341155709408789e-07,4.7990097577548756e-12,2.8613746845834617e-09
1.591599322211085e-17,3799,125.49693917126996,-6.8249802596903184e-11,-1.7233650445225332e-22,0,2.0255864741257119e-18,35.376082157580143,178.28088531056835,178.28088531056835,4.9480250173952896e-25,0.0033356580005800811,0.0033356580005800811,0,0,1.3890406253182635e-17,631,631,0,-6.1807208359663683e-05,0.016643542432756325,-4.4147998594334849e-07,4.7958868740264653e-12,2.8661705714574882e-09
1.5915816304858891e-17,3805,121.09790776821731,-6.9706763619705423e-11,-1.7691725195908744e-22,0,2.0290542956288798e-18,35.928952924170382,178.28088531056835,178.28088531056835,-5.4280578373522803e-25,0.0037091884499625646,-0.0037091884499625646,0,0,1.3886762552035795e-17,632,632,0,-6.0975353397981578e-05,0.016695908526942034,-6.0266452864262647e-07,4.7603645019756945e-12,2.870930935959464e-09
1.591563116023572e-17,3811,128.04423595665557,-7.1055586048084768e-11,-1.851446231686175e-22,0,2.034189894845459e-18,36.289878150323268,178.28088531056835,178.28088531056835,-1.3844853198527055e-24,0.0095656074789316776,-0.0095656074789316776,0,0,1.3881442649875584e-17,633,633,0,-6.0306560199335218e-05,0.016737870894424967,-8.0439421324950526e-07,4.7372961391507736e-12,2.8756682320986147e-09
1.5915440958968979e-17,3817,140.47868011420607,-7.1929586012645482e-11,-1.9020126674274407e-22,0,2.0407011426705558e-18,36.516511943196676,178.28088531056835,178.28088531056835,-1.7925724873462791e-24,0.012447597390020142,-0.012447597390020142,0,0,1.387474160887091e-17,634,634,0,-6.0003965396536517e-05,0.01676443153082164,-1.0138436041324956e-06,4.7581154921692921e-12,2.8804263475907842e-09
1.5915250842814122e-17,3823,149.14306747841559,-7.170617063641758e-11,-1.9011615485762158e-22,0,2.0479375258042371e-18,36.63987405080065,178.28088531056835,178.28088531056835,-1.6506631692505686e-24,0.011432177676751538,-0.011432177676751538,0,0,1.3867314967673054e-17,635,635,0,-6.0161444299401098e-05,0.01676907024528727,-1.1813227180660017e-06,4.7388615162060183e-12,2.8851652091069901e-09
1.5915063631500288e-17,3829,156.82694616732391,-7.0519331810717858e-11,-1.8721131383086966e-22,0,2.0550260634932602e-18,36.594891282297581,178.28088531056835,178.28088531056835,-1.0069812737304275e-24,0.0069102996639377702,-0.0069102996639377702,0,0,1.3860038574988303e-17,636,636,0,-6.071741474696125e-05,0.016745874951661893,-1.2605050891941423e-06,4.6943758031518453e-12,2.889859584910142e-09
1.5914880113591714e-17,3835,164.80694075049249,-6.9887155596037162e-11,-1.8351790857710793e-22,0,2.0611289729031882e-18,36.520128471338758,178.28088531056835,178.28088531056835,-3.9233838408709145e-26,0.00026581918248739931,-0.00026581918248739931,0,0,1.3853751179922365e-17,637,637,0,-6.1498318207664414e-05,0.016689227814689629,-1.2224384306538861e-06,4.7000524373261933e-12,2.8945596373474684e-09
1.5914698649964633e-17,3841,165.58532118925828,-7.040319016141807e-11,-1.8146362708064325e-22,0,2.0656225359233064e-18,36.452146504366596,178.28088531056835,178.28088531056835,9.6773544751263743e-25,0.0064763151524013223,0.0064763151524013223,0,0,1.3849075146305879e-17,638,638,0,-6.226119230482417e-05,0.016594298551852231,-1.0608728791686121e-06,4.7126007019931025e-12,2.8992722380494615e-09
1.5914513862451213e-17,3847,176.43374749845043,-7.1352577433948642e-11,-1.8478751341890531e-22,0,2.0682273801567882e-18,36.270855989122339,178.28088531056835,178.28088531056835,1.6860566121003644e-24,0.011193933785250944,0.011193933785250944,0,0,1.3846284796237813e-17,639,639,0,-6.2759312485965597e-05,0.016459656865163711,-8.0185970556806524e-07,4.6710440134823502e-12,2.9039432820629437e-09
1.5914321162641184e-17,3853,172.53768351282102,-7.3026070158551497e-11,-1.9269981003160559e-22,0,2.0689580037132919e-18,36.072319877143507,178.28088531056835,178.28088531056835,1.8884998849788324e-24,0.012521722030271026,0.012521722030271026,0,0,1.3845361270428006e-17,640,640,0,-6.2840793795982994e-05,0.016284316666010774,-4.9104467808583494e-07,4.6577871561210142e-12,2.9086010692190647e-09
1.5914119685652685e-17,3859,169.87869155003233,-7.5465017014917955e-11,-2.0147698849615666e-22,0,2.0681131450192265e-18,35.919660559734112,178.28088531056835,178.28088531056835,1.5068704772401164e-24,0.010050570600015369,0.010050570600015369,0,0,1.3846005033762983e-17,641,641,0,-6.2470353558699912e-05,0.016067846645142807,-1.8125112257382475e-07,4.6868091193554958e-12,2.91328787833842e-09
1.5913909488816982e-17,3865,162.05493134767963,-7.7201632249728503e-11,-2.10196835704478e-22,0,2.0662959429123803e-18,35.683026013787341,178.28088531056835,178.28088531056835,6.7290784125206395e-25,0.0045402057367366095,0.0045402057367366095,0,0,1.3847612872996761e-17,642,642,0,-6.1754529077777024e-05,0.015816062046005278,7.332995151490347e-08,4.6682711111071491e-12,2.9179561494495272e-09
1.5913691614116802e-17,3871,137.67053386574312,-7.8136697689173205e-11,-2.1787470017876763e-22,0,2.0640046747640998e-18,35.426458415397597,178.28088531056835,178.28088531056835,-3.3701093110557079e-25,0.0023053604503600975,-0.0023053604503600975,0,0,1.3849687276363633e-17,643,643,0,-6.0910744465996199e-05,0.015535914598667945,2.3990277651840797e-07,4.6419579488233628e-12,2.9225981073983506e-09
1.5913469254526741e-17,3877,137.69768026387379,-7.915067441794507e-11,-2.2235959006104018e-22,0,2.0615265494274997e-18,35.216142141280535,178.28088531056835,178.28088531056835,-1.2250194955203219e-24,0.0084801903377269717,-0.0084801903377269717,0,0,1.3851943930118738e-17,644,644,0,-6.0190251571340485e-05,0.015232949815802829,3.1132061564902266e-07,4.6593653465069386e-12,2.9272574727448576e-09
1.5913244399634358e-17,3883,123.59607498952411,-7.9591450447850993e-11,-2.2485489238347934e-22,0,2.0591654600547563e-18,34.923532927602338,178.28088531056835,178.28088531056835,-1.7335310830128116e-24,0.012072868900501136,-0.012072868900501136,0,0,1.3854080673110683e-17,645,645,0,-5.9828746909741315e-05,0.014922204716109035,3.0130406138467153e-07,4.5977192440026084e-12,2.9318551919888604e-09
1.5913018750079223e-17,3889,158.38596915582374,-7.9143602748966158e-11,-2.2564955513303839e-22,0,2.0569938301746096e-18,34.701290178386557,178.28088531056835,178.28088531056835,-1.7438660379636678e-24,0.012121387478279283,-0.012121387478279283,0,0,1.3856026663770653e-17,646,646,0,-5.994452784002138e-05,0.014610930482747536,2.4002790337406015e-07,4.5911620053804487e-12,2.9364463539942407e-09
1.5912794864473066e-17,3895,158.90009981067919,-7.8507918887407396e-11,-2.2388560615844816e-22,0,2.0549322024040856e-18,34.779919131855486,178.28088531056835,178.28088531056835,-1.2513889113376935e-24,0.008613045830064902,-0.008613045830064902,0,0,1.3857863913457893e-17,647,647,0,-6.0537474974437311e-05,0.014309789522677313,1.6155360039035865e-07,4.5964208646659244e-12,2.9410427748589066e-09
1.5912575434210521e-17,3901,137.4562528837769,-7.7415181261557643e-11,-2.1943026254692749e-22,0,2.052916965253829e-18,34.963992030210797,178.28088531056835,178.28088531056835,-3.8961838471145017e-25,0.002641140556877569,-0.002641140556877569,0,0,1.3859658858575076e-17,648,648,0,-6.146624540943031e-05,0.014033402371573505,9.6820381692053468e-08,4.5518706476333365e-12,2.94559464550654e-09
1.591236264259306e-17,3907,151.62354889702078,-7.5496931157667737e-11,-2.1279161746022081e-22,0,2.0508086931722629e-18,35.177403770258159,178.28088531056835,178.28088531056835,6.1310291179779596e-25,0.004086370546605266,0.004086370546605266,0,0,1.3861553336317885e-17,649,649,0,-6.2515022479997322e-05,0.013789909567053381,6.4149484187510102e-08,4.5481417052700984e-12,2.95014278721181e-09
1.5912158333847691e-17,3913,162.17540114093688,-7.3459959847371529e-11,-2.0430874536775956e-22,0,2.0483772926613672e-18,35.54879025230705,178.28088531056835,178.28088531056835,1.4716731531921708e-24,0.0096652405407058085,0.0096652405407058085,0,0,1.3863779569513172e-17,650,650,0,-6.3443547481363639e-05,0.013587819127240233,6.9738593496698141e-08,4.5759718903719075e-12,2.9547187591021821e-09
1.5911963447482483e-17,3919,151.55791867834429,-7.1433024263683084e-11,-1.94886365209844e-22,0,2.0454990933930208e-18,35.852144727117441,178.28088531056835,178.28088531056835,1.9095885136897499e-24,0.012425082227009301,0.012425082227009301,0,0,1.3866462444500948e-17,651,651,0,-6.4036749710552396e-05,0.013437660455295765,1.0722354143730021e-07,4.5502605445414521e-12,2.9592690196467236e-09
1.5911779193026663e-17,3925,136.45067850487283,-6.8884689916385564e-11,-1.8425445581773401e-22,0,2.0421674182706085e-18,35.958692403963134,178.28088531056835,178.28088531056835,1.7886364485332511e-24,0.011608699913998499,0.011608699913998499,0,0,1.3869609986119607e-17,652,652,0,-6.4198850208042814e-05,0.0133440549563548,1.6066279837973524e-07,4.5487074608714563e-12,2.9638177271075949e-09
1.5911606851975162e-17,3931,135.24584907755025,-6.6218187893960931e-11,-1.7234105150316633e-22,0,2.0383999204575012e-18,36.094561011484458,178.28088531056835,178.28088531056835,1.1360483801129629e-24,0.0074013560065952335,0.0074013560065952335,0,0,1.3873205795469279e-17,653,653,0,-6.3954968696528433e-05,0.013310265445733214,2.1037046755290856e-07,4.5909360302196902e-12,2.9684086631378144e-09
1.591144586890726e-17,3937,107.61498280355735,-6.3998221473006624e-11,-1.6098306790075147e-22,0,2.034326140767366e-18,36.205555534372813,178.28088531056835,178.28088531056835,1.5803748793956587e-25,0.0010377240087762138,0.0010377240087762138,0,0,1.3877119570102407e-17,654,654,0,-6.3455169921092071e-05,0.013338091011207592,2.3648680964755233e-07,4.5830257109186916e-12,2.9729916888487333e-09
1.5911295094734756e-17,3943,119.04272378371557,-6.2058542580175178e-11,-1.5077417250399095e-22,0,2.0301318830578179e-18,36.121478864089184,178.28088531056835,178.28088531056835,-8.4935983329442381e-25,0.0056239465014122176,-0.0056239465014122176,0,0,1.3881164061036774e-17,655,655,0,-6.2927328780690826e-05,0.013425505881889004,2.2557274665422634e-07,4.5793530230985275e-12,2.9775710418718317e-09
1.5911151818797631e-17,3949,112.87621724537196,-6.0832252158435802e-11,-1.4327593712451626e-22,0,2.0259428055540321e-18,35.954718132538346,178.28088531056835,178.28088531056835,-1.6032035704800302e-24,0.010670423722354902,-0.010670423722354902,0,0,1.3885210616447169e-17,656,656,0,-6.2603089163207142e-05,0.013569521955344655,1.7318395920955027e-07,4.6097569037495711e-12,2.9821807987755812e-09
1.5911011517043593e-17,3955,135.90107643959846,-6.1099572178051014e-11,-1.403017540377121e-22,0,2.0218693415329002e-18,35.694558509951833,178.28088531056835,178.28088531056835,-1.8897278544057766e-24,0.012566326544536108,-0.012566326544536108,0,0,1.3889144065238548e-17,657,657,0,-6.2658454975852128e-05,0.013764983237105255,8.580924448079297e-08,4.6391221034330477e-12,2.9868199208790141e-09
1.5910867849257905e-17,3961,141.00320169328253,-6.2470401712247328e-11,-1.4366778568843343e-22,0,2.0181997985027425e-18,35.276640592068176,178.28088531056835,178.28088531056835,-1.6239998402900267e-24,0.010716006789929733,-0.010716006789929733,0,0,1.3892669674755005e-17,658,658,0,-6.3145406062708543e-05,0.01400259067534493,-1.9075107097003184e-08,4.6256426719178964e-12,2.9914455635509318e-09
1.591071639083844e-17,3967,149.28085786384847,-6.43647512035412e-11,-1.5145841946582766e-22,0,2.0152523493591486e-18,34.877868486562726,178.28088531056835,178.28088531056835,-8.6944503744619934e-25,0.0056623811897571199,-0.0056623811897571199,0,0,1.3895464910924327e-17,659,659,0,-6.3978166333623229e-05,0.014274865550440224,-1.1990645921569618e-07,4.6389311752747724e-12,2.9960844947262067e-09
1.5910536609314955e-17,3973,161.95760889522535,-6.5848500041326781e-11,-1.7978152348442705e-22,0,2.0134832239057117e-18,34.604228531679077,178.28088531056835,178.28088531056835,-6.8945030633630458e-38,4.4330706791449013e-16,-4.4330706791449013e-16,0,0,1.3897053385409245e-17,660,660,0,-6.480180032426181e-05,0.014524148179074558,-1.8616929676121498e-07,3.9155052737931324e-12,3e-09
